depth	min	max	median	mean
0	2023	2023	2023	2023
1e-04	2023	2023	2023	2023
0.1	2023	2023	2023	2023
0.2	2023	2023	2023	2023
0.3	2023	2023	2023	2023
0.4	2023	2023	2023	2023
0.5	2023	2023	2023	2023
0.6	2023	2023	2023	2023
0.7	2023	2023	2023	2023
0.8	2023	2023	2023	2023
0.9	2023	2023	2023	2023
1	2023	2023	2023	2023
1.1	2023	2023	2023	2023
1.2	2023	2023	2023	2023
1.3	2023	2023	2023	2023
1.4	2023	2023	2023	2023
1.5	2023	2023	2023	2023
1.6	2023	2023	2023	2023
1.7	2023	2023	2023	2023
1.8	2023	2023	2023	2023
1.9	2023	2023	2023	2023
2	2023	2023	2023	2023
2.1	2023	2023	2023	2023
2.2	2023	2023	2023	2023
2.2001	2023	2023	2023	2023
2.3	2022.5	2022.7	2022.6	2022.6
2.4	2022	2022.5	2022.3	2022.3
2.5	2021.5	2022.2	2021.9	2021.9
2.6	2021.1	2022	2021.6	2021.5
2.7	2020.6	2021.7	2021.2	2021.2
2.8	2020.1	2021.4	2020.8	2020.8
2.9	2019.6	2021.2	2020.5	2020.5
3	2019.1	2020.9	2020.1	2020.1
3.1	2018.7	2020.7	2019.8	2019.8
3.2	2018.2	2020.4	2019.4	2019.4
3.3	2017.8	2020	2019	2019
3.4	2017.4	2019.7	2018.6	2018.6
3.5	2017	2019.3	2018.2	2018.2
3.6	2016.6	2018.9	2017.8	2017.8
3.7	2016.1	2018.6	2017.4	2017.4
3.8	2015.7	2018.3	2017	2017
3.9	2015.2	2018	2016.6	2016.6
4	2014.7	2017.7	2016.2	2016.2
4.1	2014.2	2017.4	2015.8	2015.8
4.2	2013.8	2017.1	2015.4	2015.4
4.3	2012.9	2016.3	2014.6	2014.6
4.4	2012	2015.4	2013.7	2013.7
4.5	2011.1	2014.6	2012.9	2012.9
4.6	2010.2	2013.8	2012	2012
4.7	2009.3	2013	2011.2	2011.2
4.8	2008.3	2012.3	2010.3	2010.3
4.9	2007.3	2011.6	2009.5	2009.5
5	2006.3	2010.8	2008.6	2008.6
5.1	2005.3	2010.1	2007.8	2007.7
5.2	2004.3	2009.4	2006.9	2006.9
5.3	2003.5	2008.6	2006.1	2006.1
5.4	2002.7	2007.8	2005.3	2005.3
5.5	2001.9	2007.1	2004.5	2004.5
5.6	2001	2006.3	2003.7	2003.7
5.7	2000.1	2005.6	2002.9	2002.9
5.8	1999.2	2004.9	2002.1	2002.1
5.9	1998.3	2004.2	2001.3	2001.3
6	1997.3	2003.5	2000.5	2000.5
6.1	1996.4	2002.8	1999.7	1999.7
6.2	1995.5	2002.2	1998.9	1998.9
6.3	1995	2001.6	1998.4	1998.4
6.4	1994.4	2001.1	1997.9	1997.8
6.5	1993.9	2000.6	1997.3	1997.3
6.6	1993.4	2000.1	1996.8	1996.8
6.7	1992.8	1999.6	1996.3	1996.2
6.8	1992.2	1999.1	1995.7	1995.7
6.9	1991.6	1998.6	1995.2	1995.2
7	1991	1998.2	1994.7	1994.6
7.1	1990.4	1997.7	1994.1	1994.1
7.2	1989.7	1997.2	1993.6	1993.6
7.3	1988.9	1996.5	1992.8	1992.8
7.4	1988.1	1995.8	1992	1992
7.5	1987.3	1995	1991.3	1991.3
7.6	1986.5	1994.3	1990.5	1990.5
7.7	1985.7	1993.7	1989.7	1989.7
7.8	1984.9	1993	1989	1989
7.9	1984	1992.4	1988.2	1988.2
8	1983.1	1991.7	1987.5	1987.4
8.1	1982.2	1991.1	1986.7	1986.7
8.2	1981.2	1990.5	1986	1985.9
8.3	1980.7	1990	1985.4	1985.4
8.4	1980.2	1989.5	1984.9	1984.9
8.5	1979.6	1989	1984.3	1984.3
8.6	1979.1	1988.5	1983.8	1983.8
8.7	1978.6	1988	1983.3	1983.3
8.8	1978	1987.5	1982.7	1982.7
8.9	1977.4	1987	1982.2	1982.2
9	1976.8	1986.6	1981.7	1981.7
9.1	1976.2	1986.2	1981.1	1981.2
9.2	1975.5	1985.8	1980.6	1980.6
9.3	1974.9	1985.2	1980.1	1980.1
9.4	1974.3	1984.8	1979.5	1979.5
9.5	1973.7	1984.3	1979	1979
9.6	1973.1	1983.9	1978.4	1978.4
9.7	1972.4	1983.4	1977.9	1977.9
9.8	1971.8	1982.9	1977.3	1977.3
9.9	1971.1	1982.4	1976.8	1976.8
10	1970.4	1982	1976.2	1976.2
10.1	1969.8	1981.6	1975.7	1975.7
10.2	1969.2	1981.1	1975.1	1975.1
10.3	1967.9	1980	1973.8	1973.9
10.4	1966.6	1978.8	1972.6	1972.6
10.5	1965.2	1977.6	1971.3	1971.3
10.6	1963.8	1976.5	1970	1970
10.7	1962.4	1975.4	1968.7	1968.8
10.8	1960.9	1974.3	1967.5	1967.5
10.9	1959.4	1973.3	1966.2	1966.2
11	1957.8	1972.2	1964.9	1964.9
11.1	1956.3	1971.1	1963.6	1963.7
11.2	1954.8	1970.2	1962.4	1962.4
11.3	1953.2	1969.1	1960.9	1961
11.4	1951.4	1967.9	1959.5	1959.5
11.5	1949.6	1966.7	1958	1958.1
11.6	1947.9	1965.7	1956.5	1956.7
11.7	1946	1964.5	1955.1	1955.2
11.8	1944.2	1963.5	1953.7	1953.8
11.9	1942.4	1962.5	1952.2	1952.3
12	1940.5	1961.5	1950.8	1950.9
12.1	1938.7	1960.5	1949.4	1949.5
12.2	1936.7	1959.5	1947.9	1948
12.3	1934.5	1958.2	1946.1	1946.2
12.4	1932.4	1957	1944.3	1944.4
12.5	1930.2	1955.7	1942.5	1942.6
12.6	1927.7	1954.5	1940.6	1940.8
12.7	1925.3	1953.3	1938.8	1939
12.8	1922.9	1952.1	1937	1937.2
12.9	1920.4	1950.9	1935.2	1935.4
13	1917.8	1949.8	1933.5	1933.6
13.1	1915.4	1948.7	1931.7	1931.8
13.2	1912.9	1947.5	1929.9	1930
13.3	1910	1946.8	1928.3	1928.3
13.4	1907.2	1946	1926.6	1926.6
13.5	1904.2	1945.1	1925.1	1924.9
13.6	1901.2	1944.3	1923.5	1923.2
13.7	1898.4	1943.6	1921.9	1921.6
13.8	1895.4	1942.9	1920.3	1919.9
13.9	1892	1942.1	1918.6	1918.2
14	1889	1941.3	1917	1916.5
14.1	1885.7	1940.5	1915.4	1914.8
14.2	1882.4	1939.7	1913.9	1913.2
14.3	1881.2	1939.4	1913.2	1912.4
14.4	1879.4	1939.1	1912.6	1911.7
14.5	1877.7	1938.9	1912	1911
14.6	1876	1938.6	1911.3	1910.3
14.7	1874.5	1938.3	1910.6	1909.6
14.8	1873	1938	1910	1908.9
14.9	1871.7	1937.7	1909.4	1908.1
15	1870.5	1937.5	1908.8	1907.4
15.1	1868.9	1937.2	1908.2	1906.7
15.2	1867.5	1937	1907.7	1906
15.3	1867	1936.8	1907.3	1905.7
15.4	1866.2	1936.6	1907	1905.4
15.5	1865.3	1936.3	1906.7	1905
15.6	1864.6	1936.1	1906.4	1904.7
15.7	1864.1	1935.9	1906.1	1904.4
15.8	1863.4	1935.7	1905.8	1904.1
15.9	1862.8	1935.5	1905.5	1903.7
16	1862	1935.3	1905.2	1903.4
16.1	1861.3	1935.1	1904.9	1903.1
16.2	1860.8	1935	1904.5	1902.8
16.3	1860	1934.7	1903.9	1902.1
16.4	1858.8	1934.4	1903.2	1901.4
16.5	1857.8	1934.1	1902.5	1900.7
16.6	1857	1933.8	1901.9	1900.1
16.7	1855.9	1933.4	1901.2	1899.4
16.8	1854.7	1933.1	1900.6	1898.7
16.9	1853.1	1932.8	1899.8	1898
17	1851.9	1932.4	1899.3	1897.4
17.1	1850.9	1931.9	1898.6	1896.7
17.2	1849.8	1931.7	1898	1896
17.3	1848.7	1931.2	1897.1	1895.2
17.4	1847.7	1930.4	1896.4	1894.4
17.5	1846.8	1929.7	1895.6	1893.6
17.6	1845.7	1929.1	1894.7	1892.8
17.7	1844.9	1928.4	1893.8	1892
17.8	1843.7	1927.9	1893.1	1891.2
17.9	1842.7	1927.4	1892.4	1890.4
18	1841.4	1927	1891.6	1889.6
18.1	1839.9	1926.5	1890.8	1888.8
18.2	1838.3	1926	1890	1887.9
18.3	1836.9	1925.3	1889.3	1887.1
18.4	1835.6	1924.6	1888.4	1886.3
18.5	1834.7	1924	1887.7	1885.4
18.6	1833.7	1923.2	1886.8	1884.6
18.7	1832.7	1922.6	1885.9	1883.7
18.8	1831.4	1921.9	1885.3	1882.9
18.9	1829.8	1921.1	1884.5	1882
19	1828.5	1920.6	1883.8	1881.2
19.1	1827.5	1920	1883.1	1880.3
19.2	1826.4	1919.3	1882.2	1879.5
19.3	1825.2	1918.5	1881.3	1878.6
19.4	1824.1	1917.7	1880.4	1877.7
19.5	1822.4	1917	1879.7	1876.8
19.6	1821.7	1916.4	1878.9	1876
19.7	1820	1915.8	1878	1875.1
19.8	1818.6	1915.2	1877.1	1874.2
19.9	1817.5	1914.5	1876.3	1873.3
20	1816.7	1913.9	1875.5	1872.5
20.1	1815.4	1913.3	1874.6	1871.6
20.2	1814.5	1912.8	1873.8	1870.7
20.3	1812.9	1912.1	1872.8	1869.9
20.4	1812.1	1911.4	1871.9	1869
20.5	1811.1	1910.7	1871	1868.1
20.6	1810.2	1910	1870	1867.3
20.7	1808.2	1909.2	1869	1866.4
20.8	1807.5	1908.5	1868.2	1865.5
20.9	1806.6	1907.8	1867.7	1864.7
21	1805.1	1907.2	1866.6	1863.8
21.1	1804.1	1906.5	1865.8	1862.9
21.2	1802.9	1906	1864.9	1862.1
21.3	1802.3	1905.2	1864.2	1861.2
21.4	1801.3	1904.7	1863.3	1860.4
21.5	1800	1904	1862.4	1859.5
21.6	1798.8	1903.1	1861.5	1858.6
21.7	1797.3	1902.5	1860.8	1857.8
21.8	1795.6	1902	1859.9	1856.9
21.9	1793.7	1901.3	1859.1	1856.1
22	1792	1900.5	1858.4	1855.2
22.1	1790.7	1899.7	1857.6	1854.4
22.2	1789.4	1899.1	1856.7	1853.5
22.3	1788.5	1898.5	1856	1852.7
22.4	1787.4	1897.9	1855.2	1851.8
22.5	1786.6	1897.1	1854.5	1851
22.6	1785.3	1896.6	1853.8	1850.1
22.7	1784.4	1896	1853.1	1849.3
22.8	1783.3	1895.5	1852.3	1848.5
22.9	1782.6	1895	1851.3	1847.6
23	1781.7	1894.6	1850.5	1846.8
23.1	1780.4	1894.1	1849.7	1845.9
23.2	1779.1	1893.6	1848.9	1845.1
23.3	1778.4	1893.1	1848.3	1844.2
23.4	1777.6	1891.9	1847.5	1843.3
23.5	1776.9	1891.4	1846.7	1842.4
23.6	1776.3	1890.2	1845.8	1841.6
23.7	1775.6	1889.5	1844.9	1840.7
23.8	1774.4	1888.5	1844.1	1839.8
23.9	1773.2	1888	1843.3	1839
24	1771.9	1887.4	1842.4	1838.1
24.1	1771	1886.7	1841.6	1837.2
24.2	1769.3	1886.1	1840.7	1836.4
24.3	1768.7	1885.3	1839.9	1835.5
24.4	1767.2	1884.6	1839.1	1834.6
24.5	1766.3	1883.7	1838.3	1833.8
24.6	1765.3	1883.2	1837.5	1832.9
24.7	1763.8	1882.6	1836.7	1832
24.8	1762.1	1881.7	1835.8	1831.2
24.9	1761	1880.9	1835.1	1830.3
25	1759.4	1880.2	1834.3	1829.5
25.1	1758.2	1879.6	1833.4	1828.6
25.2	1757.3	1878.9	1832.7	1827.7
25.3	1756.1	1878.3	1831.8	1826.9
25.4	1755.2	1877.8	1831.1	1826
25.5	1754.3	1876.9	1830.3	1825.2
25.6	1753.4	1876.3	1829.3	1824.3
25.7	1752.4	1875.7	1828.5	1823.5
25.8	1751	1875	1827.8	1822.6
25.9	1749.9	1874.4	1827.1	1821.8
26	1748.3	1873.5	1826.2	1820.9
26.1	1747	1872.8	1825.4	1820.1
26.2	1745.4	1872.4	1824.4	1819.2
26.3	1744.6	1871.5	1823.5	1818.3
26.4	1743.9	1870.6	1822.6	1817.5
26.5	1742.6	1869.5	1821.8	1816.6
26.6	1741.3	1868.7	1821	1815.7
26.7	1740.2	1867.8	1820.1	1814.8
26.8	1739.3	1867.2	1819.3	1814
26.9	1738.1	1866.2	1818.5	1813.1
27	1736.7	1865.7	1817.8	1812.2
27.1	1735.8	1865.2	1816.9	1811.3
27.2	1734.4	1864.4	1816	1810.5
27.3	1733	1863.7	1815.2	1809.6
27.4	1731.9	1862.9	1814.3	1808.7
27.5	1730.9	1862	1813.5	1807.8
27.6	1729.5	1861.3	1812.6	1806.9
27.7	1728.8	1860.5	1811.6	1806.1
27.8	1728	1859.8	1810.8	1805.2
27.9	1726.6	1859.1	1809.9	1804.3
28	1725.3	1858.4	1809.1	1803.4
28.1	1723.8	1857.7	1808.3	1802.6
28.2	1722.5	1856.9	1807.5	1801.7
28.3	1721.4	1856.2	1806.8	1800.8
28.4	1720.5	1855.5	1806.1	1799.9
28.5	1719.8	1855	1805.1	1799.1
28.6	1719.1	1854.6	1804.3	1798.2
28.7	1718.2	1853.9	1803.5	1797.3
28.8	1717	1853.2	1802.9	1796.5
28.9	1715.9	1852.5	1802.1	1795.6
29	1715	1851.8	1801.2	1794.7
29.1	1713.3	1851	1800.6	1793.8
29.2	1711.9	1850.4	1799.8	1793
29.3	1711.1	1849.3	1799	1792.1
29.4	1710.2	1848.3	1798.1	1791.2
29.5	1709	1847.3	1797.2	1790.4
29.6	1708.1	1846.6	1796.3	1789.5
29.7	1707.1	1845.9	1795.6	1788.6
29.8	1705.8	1845.3	1794.6	1787.8
29.9	1704.8	1844.5	1793.7	1786.9
30	1702.8	1843.5	1792.8	1786
30.1	1701.4	1842.9	1792.1	1785.2
30.2	1700.5	1842.2	1791.3	1784.3
30.3	1699.3	1841.4	1790.6	1783.4
30.4	1698.2	1840.9	1789.8	1782.6
30.5	1697	1840.3	1789.1	1781.7
30.6	1695.5	1839.4	1788.3	1780.8
30.7	1694.2	1838.6	1787.6	1780
30.8	1693.5	1838.1	1786.9	1779.1
30.9	1692.4	1837.5	1786.1	1778.2
31	1690.9	1836.9	1785.3	1777.4
31.1	1689.5	1836.2	1784.4	1776.5
31.2	1688.7	1835.7	1783.5	1775.6
31.3	1687.6	1834.7	1782.8	1774.7
31.4	1686.6	1833.8	1781.9	1773.9
31.5	1685.7	1833.2	1781.1	1773
31.6	1684	1832.3	1780.2	1772.1
31.7	1683.3	1831.9	1779.4	1771.2
31.8	1681.4	1831.1	1778.5	1770.3
31.9	1680.1	1830.2	1777.5	1769.4
32	1679.1	1829.4	1776.7	1768.6
32.1	1677.9	1828.7	1776	1767.7
32.2	1677.1	1827.7	1775.2	1766.8
32.3	1676.5	1826.8	1774.6	1765.9
32.4	1675.3	1826	1773.7	1765
32.5	1674.4	1825	1773.1	1764.2
32.6	1673	1824.4	1772.2	1763.3
32.7	1671.7	1823.8	1771.4	1762.4
32.8	1670.3	1823	1770.5	1761.6
32.9	1669.4	1822.3	1769.7	1760.7
33	1667.8	1821.4	1768.9	1759.8
33.1	1666.5	1820.6	1768.1	1759
33.2	1665.4	1820.2	1767.5	1758.1
33.3	1664.9	1819.4	1766.7	1757.2
33.4	1664.3	1818.7	1765.9	1756.4
33.5	1663.1	1818.1	1765.3	1755.5
33.6	1662	1817.3	1764.6	1754.7
33.7	1661.1	1816.3	1763.8	1753.8
33.8	1660.7	1815.6	1762.8	1753
33.9	1660.1	1814.9	1762	1752.1
34	1659.1	1814.3	1761	1751.2
34.1	1658.2	1813.5	1760.3	1750.4
34.2	1657.5	1812.6	1759.5	1749.5
34.3	1656.7	1811.6	1758.7	1748.7
34.4	1655.7	1810.7	1757.9	1747.8
34.5	1654.6	1810	1756.9	1746.9
34.6	1653.6	1808.8	1756.3	1746.1
34.7	1652.8	1807.7	1755.5	1745.2
34.8	1651.6	1807	1754.7	1744.3
34.9	1650.4	1806.1	1753.9	1743.5
35	1649.5	1805.7	1753.2	1742.6
35.1	1648.3	1804.8	1752.4	1741.7
35.2	1647.4	1804	1751.6	1740.9
35.3	1646.6	1803.6	1750.8	1740.1
35.4	1645.4	1802.7	1750.1	1739.2
35.5	1644.6	1801.5	1749.4	1738.4
35.6	1643.2	1800.5	1748.5	1737.5
35.7	1641.6	1799.6	1747.9	1736.7
35.8	1641.2	1798.8	1747.2	1735.9
35.9	1639.7	1798.2	1746.5	1735
36	1638.8	1797.5	1745.7	1734.2
36.1	1637.4	1796.6	1744.9	1733.4
36.2	1635.9	1796	1744.1	1732.5
36.3	1634.9	1795.1	1743.3	1731.7
36.4	1633.8	1794.3	1742.7	1730.8
36.5	1632.8	1793.6	1742	1729.9
36.6	1631.1	1793.1	1741.2	1729
36.7	1630	1792.4	1740.5	1728.2
36.8	1628.8	1791.6	1739.7	1727.3
36.9	1627.7	1790.9	1739	1726.4
37	1626.4	1790.4	1738.2	1725.5
37.1	1625.4	1789.8	1737.4	1724.6
37.2	1624.4	1788.9	1736.6	1723.8
37.3	1623.1	1788	1735.9	1722.9
37.4	1622.2	1787.1	1735.2	1722
37.5	1621.6	1786.3	1734.4	1721.1
37.6	1620.5	1785.3	1733.6	1720.2
37.7	1619.6	1784.3	1732.8	1719.4
37.8	1618.8	1783.4	1732	1718.5
37.9	1617.9	1782.7	1731.2	1717.6
38	1616.7	1781.9	1730.4	1716.7
38.1	1615.4	1781.2	1729.8	1715.9
38.2	1614.9	1780.3	1728.9	1715
38.3	1614	1779.4	1728	1714.1
38.4	1612.5	1778.4	1727.5	1713.2
38.5	1611.3	1777.3	1726.8	1712.3
38.6	1610.3	1776.3	1726	1711.5
38.7	1609.5	1775.5	1725.3	1710.6
38.8	1608.1	1774.7	1724.5	1709.7
38.9	1606.8	1773.6	1723.9	1708.8
39	1605.6	1772.4	1723.2	1708
39.1	1604.6	1771.7	1722.2	1707.1
39.2	1603.4	1770.9	1721.3	1706.2
39.3	1602.4	1770.2	1720.5	1705.3
39.4	1601.2	1769.5	1719.8	1704.5
39.5	1600.1	1768.7	1719.1	1703.6
39.6	1599.3	1767.9	1718.4	1702.7
39.7	1598.4	1766.7	1717.5	1701.8
39.8	1597	1766.1	1716.6	1701
39.9	1596.2	1765.3	1715.9	1700.1
40	1594.9	1764.6	1715.1	1699.2
40.1	1593.5	1763.9	1714.2	1698.3
40.2	1592.3	1763.2	1713.5	1697.5
40.3	1591.1	1762.5	1712.7	1696.6
40.4	1590	1761.7	1712	1695.8
40.5	1589	1760.8	1711.3	1694.9
40.6	1588.1	1760	1710.6	1694.1
40.7	1587.3	1759.1	1709.9	1693.2
40.8	1586	1758.1	1709.1	1692.4
40.9	1584.9	1757.4	1708.3	1691.5
41	1583.3	1756.8	1707.6	1690.7
41.1	1582.1	1756.2	1706.9	1689.8
41.2	1580.9	1755.6	1706	1689
41.3	1580.2	1754.9	1705.4	1688.1
41.4	1579.5	1753.8	1704.7	1687.3
41.5	1578.6	1752.5	1704	1686.4
41.6	1577.6	1751.4	1703.2	1685.6
41.7	1576.6	1750.3	1702.5	1684.7
41.8	1575.3	1749.9	1701.8	1683.9
41.9	1574.8	1749.1	1701.1	1683
42	1574	1748.3	1700.3	1682.2
42.1	1572.4	1747.4	1699.6	1681.3
42.2	1571.2	1746.5	1698.8	1680.5
42.3	1570.5	1745.7	1698.1	1679.6
42.4	1569.5	1745.1	1697.4	1678.7
42.5	1568.8	1744.4	1696.8	1677.9
42.6	1568	1743.2	1696.1	1677
42.7	1567.3	1742.7	1695.3	1676.2
42.8	1566.5	1742	1694.6	1675.3
42.9	1565.5	1741.1	1693.9	1674.4
43	1564.6	1740.4	1693.1	1673.6
43.1	1563.5	1740	1692.4	1672.7
43.2	1562.5	1739.2	1691.6	1671.9
43.3	1561.4	1738.5	1690.9	1671
43.4	1560.6	1737.3	1690	1670.1
43.5	1559.4	1736.2	1689.2	1669.3
43.6	1558.2	1735.4	1688.5	1668.4
43.7	1557.1	1734.9	1687.7	1667.6
43.8	1556.1	1734.2	1687.1	1666.7
43.9	1554.7	1733.2	1686.5	1665.8
44	1553.7	1732.4	1685.8	1665
44.1	1552.8	1731.3	1684.9	1664.1
44.2	1551.8	1730.3	1684	1663.3
44.3	1550.9	1729.4	1683.2	1662.4
44.4	1550.1	1728.4	1682.5	1661.5
44.5	1549.2	1727.5	1681.7	1660.6
44.6	1548.2	1726.4	1680.8	1659.7
44.7	1547.4	1725.4	1680	1658.9
44.8	1546.5	1724.3	1679.1	1658
44.9	1544.6	1723.5	1678.5	1657.1
45	1543.6	1722.5	1677.7	1656.2
45.1	1542.9	1721.4	1676.9	1655.4
45.2	1541.8	1720.6	1676.2	1654.5
45.3	1541.2	1719.7	1675.4	1653.6
45.4	1540	1718.8	1674.6	1652.7
45.5	1539.3	1717.6	1673.7	1651.8
45.6	1538.6	1716.5	1673.1	1650.9
45.7	1537.1	1715.8	1672.3	1650
45.8	1536.3	1714.9	1671.4	1649.1
45.9	1535.4	1714.2	1670.6	1648.2
46	1534.2	1713.3	1669.9	1647.4
46.1	1532.9	1712.3	1669.3	1646.5
46.2	1532	1711.5	1668.5	1645.6
46.3	1531.3	1710.2	1667.6	1644.7
46.4	1530.3	1708.9	1666.8	1643.8
46.5	1529.6	1708	1666.1	1642.9
46.6	1529.1	1707.1	1665.4	1642
46.7	1528.1	1706.2	1664.8	1641.1
46.8	1527.1	1705.6	1664.1	1640.2
46.9	1526.1	1704.9	1663.3	1639.3
47	1524.8	1703.6	1662.7	1638.4
47.1	1523.8	1702.6	1661.8	1637.5
47.2	1522.1	1701.8	1661	1636.7
47.3	1521.4	1700.4	1660.2	1635.7
47.4	1520.6	1699.2	1659.4	1634.8
47.5	1519.7	1698.1	1658.5	1633.9
47.6	1518.8	1697	1657.6	1633
47.7	1517.7	1695.7	1656.9	1632.1
47.8	1516.8	1694.6	1656.1	1631.1
47.9	1515.9	1693.6	1655.3	1630.2
48	1514.6	1692.7	1654.5	1629.3
48.1	1513.3	1691.6	1653.8	1628.4
48.2	1512.2	1690.8	1652.9	1627.5
48.3	1511	1689.8	1651.9	1626.4
48.4	1509.9	1688.5	1650.8	1625.4
48.5	1508.7	1687	1649.8	1624.4
48.6	1507.3	1686.1	1648.9	1623.4
48.7	1505.9	1685.3	1647.7	1622.4
48.8	1505	1684.5	1646.6	1621.3
48.9	1503.8	1683.7	1645.6	1620.3
49	1502.7	1683.1	1644.5	1619.3
49.1	1501.4	1682.2	1643.2	1618.3
49.2	1500.3	1681.4	1642.3	1617.2
49.3	1498.8	1680.1	1641.1	1616.1
49.4	1497.5	1678.9	1639.9	1615
49.5	1495.8	1677.8	1638.6	1613.9
49.6	1494.3	1677	1637.5	1612.8
49.7	1492.8	1676	1636.5	1611.6
49.8	1491.1	1674.9	1635.3	1610.5
49.9	1489.4	1674.2	1634	1609.4
50	1487.6	1673.4	1632.6	1608.3
50.1	1485.8	1672.8	1631.4	1607.1
50.2	1484.1	1672.1	1629.9	1606
50.3	1482.6	1670.9	1628.8	1604.8
50.4	1481.2	1669.8	1627.5	1603.7
50.5	1479.3	1668.7	1626.1	1602.5
50.6	1477.9	1667.9	1624.9	1601.3
50.7	1476.3	1666.8	1623.6	1600.2
50.8	1474.9	1665.5	1622.2	1599
50.9	1473.1	1664.6	1620.9	1597.8
51	1471.2	1663.9	1619.7	1596.7
51.1	1469.4	1663	1618.4	1595.5
51.2	1467.3	1662.3	1617.2	1594.3
51.3	1465.8	1660.9	1616	1593.2
51.4	1464	1659.6	1614.8	1592
51.5	1462.3	1658.5	1613.5	1590.8
51.6	1460.9	1657.6	1612.1	1589.6
51.7	1459.5	1656.4	1610.6	1588.5
51.8	1457.9	1655.3	1609.3	1587.3
51.9	1456.7	1654.1	1607.9	1586.1
52	1455.9	1653.1	1606.7	1584.9
52.1	1454.2	1652.1	1605.5	1583.8
52.2	1452.4	1651.3	1604	1582.6
52.3	1450.5	1650.1	1602.8	1581.4
52.4	1449.2	1648.6	1601.6	1580.3
52.5	1447.9	1647.4	1600.3	1579.1
52.6	1446.2	1646.8	1598.9	1577.9
52.7	1444.3	1646	1597.6	1576.7
52.8	1443.2	1645.3	1596.2	1575.6
52.9	1442.3	1643.9	1594.9	1574.4
53	1441.2	1643.1	1593.5	1573.2
53.1	1439.5	1642.3	1592.3	1572
53.2	1438.2	1641.6	1590.8	1570.9
53.3	1436.9	1640.2	1589.6	1569.7
53.4	1435.3	1638.7	1588.5	1568.5
53.5	1434.1	1637.6	1587.4	1567.3
53.6	1432.2	1636.1	1585.9	1566.1
53.7	1430.6	1635.3	1584.5	1564.9
53.8	1429.2	1634.4	1583.3	1563.7
53.9	1427.6	1633.2	1582.2	1562.5
54	1426.1	1632.1	1580.8	1561.3
54.1	1424.6	1631.1	1579.4	1560.1
54.2	1422.8	1630.1	1578	1558.9
54.3	1421.4	1628.9	1576.6	1557.7
54.4	1420.1	1628	1575.6	1556.5
54.5	1418.1	1626.4	1574.2	1555.3
54.6	1416.5	1625.6	1573	1554.1
54.7	1415.4	1624.3	1571.9	1552.9
54.8	1413.6	1623	1570.7	1551.7
54.9	1412.1	1621.9	1569.4	1550.5
55	1411.1	1620.9	1568.1	1549.3
55.1	1409.9	1619.7	1566.7	1548.1
55.2	1408.4	1618.7	1565.3	1546.9
55.3	1406.5	1617.3	1564.3	1545.7
55.4	1404.7	1615.9	1563.1	1544.5
55.5	1403.1	1614.9	1561.9	1543.3
55.6	1402	1613.5	1560.7	1542.2
55.7	1400.3	1612.3	1559.7	1541
55.8	1398.7	1610.9	1558.3	1539.8
55.9	1396.4	1609.7	1557.3	1538.6
56	1395.3	1608.6	1556.1	1537.4
56.1	1393.7	1607.3	1554.7	1536.2
56.2	1393.1	1606.1	1553.4	1535
56.3	1391.4	1604.7	1552.3	1533.8
56.4	1389.7	1602.8	1551.3	1532.7
56.5	1388.7	1601.1	1550.2	1531.5
56.6	1387.2	1600.1	1548.9	1530.3
56.7	1385.5	1599	1547.9	1529.1
56.8	1383.8	1597.4	1546.7	1527.9
56.9	1382.4	1596.2	1545.5	1526.8
57	1380.4	1595.1	1544.3	1525.6
57.1	1377.9	1593.3	1543	1524.4
57.2	1376.5	1592.6	1541.7	1523.2
57.3	1375.1	1591.2	1540.6	1522
57.4	1373.9	1589.5	1539.4	1520.8
57.5	1372.6	1588.2	1538.1	1519.6
57.6	1371.2	1586.4	1537.2	1518.4
57.7	1369.6	1585.2	1535.9	1517.1
57.8	1368.3	1583.5	1534.9	1515.9
57.9	1366.4	1581.9	1533.6	1514.7
58	1365.2	1580.9	1532.3	1513.5
58.1	1364	1579.4	1531	1512.3
58.2	1362.1	1578.1	1529.8	1511.1
58.3	1359.9	1577.3	1528.8	1509.8
58.4	1358.4	1575.9	1527.9	1508.6
58.5	1356.6	1574.5	1526.9	1507.4
58.6	1355.1	1573.2	1525.9	1506.2
58.7	1353.7	1571.6	1524.7	1505
58.8	1352.2	1570.5	1523.5	1503.7
58.9	1351.3	1569.4	1522.5	1502.5
59	1349.6	1568.4	1521.3	1501.3
59.1	1348.6	1566.9	1520.1	1500.1
59.2	1347.4	1565.8	1518.9	1498.9
59.3	1345.9	1564.2	1517.6	1497.5
59.4	1344.4	1563.4	1516.4	1496.1
59.5	1342.9	1562.2	1515.2	1494.7
59.6	1340.7	1561.3	1513.8	1493.3
59.7	1339.4	1559.6	1512.4	1491.9
59.8	1337.3	1558	1510.8	1490.5
59.9	1335.7	1557	1509.2	1489.1
60	1334.4	1555.8	1507.7	1487.7
60.1	1333.1	1554.4	1506.1	1486.3
60.2	1331.9	1552.9	1504.4	1484.9
60.3	1330.7	1551.2	1502.6	1483.3
60.4	1329.1	1549.8	1501	1481.7
60.5	1328	1548.7	1499.1	1480.1
60.6	1326.7	1547.7	1497.1	1478.5
60.7	1325.5	1546.5	1495	1476.9
60.8	1323.5	1544.9	1493.2	1475.4
60.9	1321.8	1543.6	1491.2	1473.8
61	1320	1541.9	1489.2	1472.2
61.1	1319.3	1540.6	1487.3	1470.6
61.2	1317.9	1539.3	1485.3	1469
61.3	1316.8	1537.4	1483.6	1467.4
61.4	1314.9	1536.1	1481.6	1465.7
61.5	1313.6	1534.5	1479.8	1464.1
61.6	1311.7	1532.8	1477.9	1462.4
61.7	1309.9	1531.4	1476	1460.8
61.8	1308.9	1529.7	1473.9	1459.1
61.9	1306.8	1528.7	1471.8	1457.5
62	1305.4	1527.6	1469.9	1455.8
62.1	1304.3	1526.8	1467.9	1454.2
62.2	1302.3	1525.8	1466	1452.5
62.3	1300.7	1524	1464.2	1450.9
62.4	1299.3	1522.8	1462.5	1449.2
62.5	1297.4	1521.4	1460.7	1447.6
62.6	1295.9	1519.7	1458.9	1445.9
62.7	1294.3	1517.9	1457	1444.3
62.8	1292.7	1516.5	1455	1442.7
62.9	1291.4	1514.9	1452.9	1441
63	1290.1	1513.7	1451.2	1439.4
63.1	1288.7	1512.6	1449.2	1437.8
63.2	1287.3	1511.5	1447.5	1436.1
63.3	1285.5	1509.8	1445.7	1434.5
63.4	1284	1508.5	1444	1432.8
63.5	1282.3	1507.1	1442.2	1431.2
63.6	1281.1	1506	1440.4	1429.6
63.7	1280	1504.9	1438.5	1427.9
63.8	1278.9	1503.7	1436.9	1426.3
63.9	1277.9	1502.6	1435.1	1424.6
64	1276.6	1501.7	1433.5	1423
64.1	1275.2	1500.8	1431.4	1421.4
64.2	1273.9	1499.5	1429.7	1419.7
64.3	1272.5	1498.3	1428.1	1418.1
64.4	1270.8	1497.1	1426.5	1416.4
64.5	1269.6	1495.3	1424.6	1414.8
64.6	1268.1	1493.7	1422.9	1413.2
64.7	1266.6	1492.8	1421	1411.5
64.8	1265.4	1491.4	1419.1	1409.9
64.9	1264.1	1490.1	1417.4	1408.2
65	1262.6	1488.7	1415.8	1406.6
65.1	1260.9	1487.6	1414.3	1405
65.2	1260.2	1486.5	1412.7	1403.3
65.3	1258.5	1484.7	1411	1401.7
65.4	1256.8	1483.7	1409.4	1400.1
65.5	1255.2	1482.5	1407.7	1398.4
65.6	1254.5	1481.4	1406.1	1396.8
65.7	1253.3	1480	1404.5	1395.1
65.8	1252	1478.8	1402.6	1393.5
65.9	1250.7	1477.6	1401.1	1391.9
66	1248.6	1476.5	1399.4	1390.2
66.1	1247	1475.5	1397.6	1388.6
66.2	1245.3	1474.1	1395.9	1386.9
66.3	1244.3	1473.1	1394	1385.3
66.4	1243.7	1471.6	1392.4	1383.6
66.5	1241.8	1470.2	1390.9	1381.9
66.6	1240.3	1468.4	1388.9	1380.2
66.7	1238.1	1466.7	1387.3	1378.5
66.8	1235.6	1465.5	1385.5	1376.9
66.9	1234.1	1464.9	1383.7	1375.2
67	1232.5	1463.8	1382	1373.5
67.1	1231	1462.7	1380.3	1371.8
67.2	1229.4	1461.5	1378.4	1370.2
67.3	1227.7	1459.8	1376.7	1368.5
67.4	1225.7	1458.1	1375	1366.8
67.5	1224.4	1456.9	1372.9	1365.2
67.6	1222.8	1455.6	1371.4	1363.5
67.7	1222.2	1454	1369.5	1361.9
67.8	1221	1452.4	1367.9	1360.2
67.9	1219.6	1451.4	1366.2	1358.6
68	1217.9	1449.5	1364.5	1356.9
68.1	1216.5	1447.7	1362.9	1355.2
68.2	1215.1	1446.5	1361.3	1353.6
68.3	1213.9	1444.6	1359.5	1351.9
68.4	1212.8	1443	1357.9	1350.2
68.5	1211.7	1441.4	1356	1348.5
68.6	1210.4	1440.2	1354.7	1346.9
68.7	1209.2	1439.3	1353.1	1345.2
68.8	1208.1	1438	1351.1	1343.5
68.9	1206.5	1436.6	1349.6	1341.8
69	1205.4	1435.2	1347.7	1340.2
69.1	1203.7	1433.8	1345.9	1338.5
69.2	1201.9	1432.7	1344.3	1336.8
69.3	1200.9	1430.9	1342.6	1335.2
69.4	1199.9	1429	1341.1	1333.6
69.5	1198.9	1427.5	1339.5	1331.9
69.6	1197.6	1425.8	1337.8	1330.3
69.7	1196.4	1424.1	1336.1	1328.7
69.8	1194.5	1422.3	1334.2	1327
69.9	1192.6	1420.4	1332.5	1325.4
70	1191.3	1419.5	1330.5	1323.8
70.1	1189.6	1418.2	1328.7	1322.2
70.2	1188.3	1416.7	1327.2	1320.5
70.3	1186	1415.1	1325.4	1318.9
70.4	1184	1412.8	1323.6	1317.2
70.5	1182.9	1411	1321.9	1315.6
70.6	1180.8	1410.1	1320.1	1314
70.7	1179.1	1408.3	1318.4	1312.3
70.8	1177.5	1406.9	1316.9	1310.7
70.9	1176	1405.3	1315.4	1309
71	1174.4	1404.3	1313.6	1307.4
71.1	1172.8	1403.3	1311.9	1305.8
71.2	1171.5	1402.3	1310.3	1304.1
71.3	1169.1	1400.9	1308.9	1302.5
71.4	1167	1399.1	1307.6	1300.8
71.5	1165.1	1397.6	1305.7	1299.1
71.6	1163.8	1396.3	1303.9	1297.5
71.7	1162.8	1394.6	1302.1	1295.8
71.8	1161.5	1393.2	1300.5	1294.2
71.9	1159.7	1391.5	1299.1	1292.5
72	1158.2	1390.3	1297.3	1290.9
72.1	1156.3	1388.8	1295.5	1289.2
72.2	1153.9	1387.3	1293.8	1287.6
72.3	1152.5	1385.3	1292.3	1285.9
72.4	1151	1383.8	1291	1284.3
72.5	1149.8	1382.7	1289.3	1282.6
72.6	1148	1381.4	1287.6	1281
72.7	1146.6	1380.2	1285.9	1279.4
72.8	1144.8	1379.2	1283.9	1277.7
72.9	1144	1378.1	1282.5	1276.1
73	1142.9	1376.5	1280.7	1274.4
73.1	1141.6	1374.9	1279	1272.8
73.2	1139.5	1373.4	1277.2	1271.2
73.3	1138.4	1371	1275.3	1269.5
73.4	1136.9	1369.3	1273.6	1267.9
73.5	1134.8	1368	1272	1266.2
73.6	1133.5	1366.4	1270.3	1264.5
73.7	1131.9	1365.2	1268.9	1262.9
73.8	1130.6	1363.4	1267.1	1261.2
73.9	1129.3	1362.1	1265.2	1259.6
74	1128.2	1360.7	1263.4	1257.9
74.1	1126.6	1358.8	1261.7	1256.3
74.2	1124.8	1357.4	1260.1	1254.6
74.3	1123.5	1356.2	1258.5	1253
74.4	1121.7	1354.9	1256.7	1251.3
74.5	1119.8	1353.6	1254.8	1249.7
74.6	1117.7	1352.5	1253.1	1248.1
74.7	1116.1	1350.7	1251.3	1246.5
74.8	1114.6	1348.5	1249.7	1244.8
74.9	1112.8	1347.3	1247.9	1243.2
75	1111.2	1346.1	1246.3	1241.6
75.1	1110.3	1344.1	1244.3	1239.9
75.2	1108.9	1342.2	1242.7	1238.3
75.3	1107.4	1341.1	1240.7	1236.6
75.4	1105.6	1339.3	1239.1	1235
75.5	1103.7	1337.1	1237.9	1233.3
75.6	1102.1	1335.4	1236	1231.6
75.7	1100.2	1333.7	1234.1	1229.9
75.8	1098.5	1332.1	1232.4	1228.3
75.9	1096.5	1330.7	1230.4	1226.6
76	1095.2	1329.3	1228.7	1224.9
76.1	1094.1	1327.4	1227	1223.3
76.2	1092.5	1326.2	1225.5	1221.6
76.3	1091	1324.4	1223.7	1219.9
76.4	1089.4	1322.6	1222.2	1218.2
76.5	1087.1	1321.1	1220.3	1216.6
76.6	1085.5	1319.7	1218.4	1214.9
76.7	1084	1317.5	1216.6	1213.2
76.8	1082.2	1315.8	1214.9	1211.6
76.9	1080.8	1314.5	1213.1	1209.9
77	1079.5	1312.9	1211.4	1208.2
77.1	1077.7	1311.3	1210	1206.6
77.2	1075.5	1309.8	1208.4	1204.9
77.3	1073.9	1308.2	1206.5	1203.2
77.4	1072	1306.4	1205.2	1201.6
77.5	1070.6	1305.2	1203.5	1199.9
77.6	1069.1	1303.2	1201.9	1198.2
77.7	1067.4	1302.3	1200.2	1196.6
77.8	1065.8	1300.2	1198.5	1194.9
77.9	1064.5	1299.3	1196.5	1193.2
78	1063.4	1298.3	1194.8	1191.6
78.1	1061.8	1296.9	1193.2	1189.9
78.2	1060.4	1295.8	1191.3	1188.3
78.3	1059.2	1293.9	1189.8	1186.6
78.4	1058.1	1291.9	1188.1	1184.9
78.5	1057	1290.3	1186.4	1183.3
78.6	1055.8	1288.9	1184.5	1181.6
78.7	1054.5	1287.4	1182.9	1180
78.8	1053.4	1285.8	1181.1	1178.3
78.9	1052	1284.6	1179.3	1176.7
79	1051	1283	1177.7	1175
79.1	1049.2	1281.6	1175.9	1173.3
79.2	1047.6	1280.1	1174.3	1171.7
79.3	1046.2	1278.1	1172.3	1170
79.4	1044.9	1276.8	1170.3	1168.4
79.5	1043.5	1275	1168.6	1166.7
79.6	1041.9	1273.6	1166.9	1165.1
79.7	1039.5	1272.1	1165.1	1163.4
79.8	1037.6	1271.1	1163.3	1161.8
79.9	1035.1	1269.6	1161.5	1160.1
80	1033.6	1268.4	1160	1158.5
80.1	1032.3	1267.2	1158.4	1156.8
80.2	1031.3	1265.7	1157.1	1155.2
80.3	1030.2	1263.5	1155.3	1153.5
80.4	1029.2	1261.7	1153.8	1151.9
80.5	1027.8	1260.9	1152.3	1150.2
80.6	1025.8	1259.6	1150.6	1148.5
80.7	1024.6	1257.7	1148.7	1146.9
80.8	1023.5	1255.5	1146.8	1145.2
80.9	1021.5	1253.5	1145.1	1143.5
81	1019.7	1251.4	1143.3	1141.9
81.1	1018	1249.9	1141.5	1140.2
81.2	1017	1248.6	1139.9	1138.6
81.3	1015.4	1245.8	1138.3	1136.9
81.4	1014.5	1244.4	1136.4	1135.3
81.5	1012.3	1242.9	1134.9	1133.6
81.6	1010.4	1241.3	1133	1132
81.7	1008.5	1239.6	1131.3	1130.3
81.8	1006.9	1238.3	1129.7	1128.6
81.9	1005.8	1236.8	1128.2	1127
82	1003.7	1235.4	1126.4	1125.3
82.1	1002.3	1233.6	1124.8	1123.7
82.2	1001.1	1232.6	1123.2	1122
82.3	999	1230.7	1121.4	1120.4
82.4	997.9	1229.2	1119.8	1118.7
82.5	996.9	1227.4	1118.1	1117.1
82.6	996.1	1225.9	1116.6	1115.5
82.7	995.2	1224.3	1115.1	1113.8
82.8	993.6	1222.7	1113.7	1112.2
82.9	992.2	1221.2	1112.2	1110.5
83	990.3	1220.1	1110.4	1108.9
83.1	988.8	1219	1108.8	1107.2
83.2	987.4	1217.6	1107.2	1105.6
83.3	985.7	1216.4	1105.5	1104
83.4	983.5	1215.1	1104.2	1102.3
83.5	981.3	1213.4	1102.6	1100.7
83.6	980.2	1212	1101	1099.1
83.7	978.7	1210.1	1099.2	1097.4
83.8	977.4	1208.5	1097.5	1095.8
83.9	976	1206.8	1095.5	1094.1
84	974.7	1205.4	1094	1092.5
84.1	973.5	1203.9	1092.3	1090.9
84.2	971.2	1201.9	1090.5	1089.2
84.3	969.7	1200	1088.9	1087.6
84.4	968.7	1199.2	1087.1	1086
84.5	967.1	1197.3	1085.5	1084.4
84.6	964.9	1195.3	1084	1082.8
84.7	963	1193.8	1082.3	1081.1
84.8	961.6	1192.3	1080.6	1079.5
84.9	959.5	1190.9	1079.1	1077.9
85	958.3	1189.6	1077.1	1076.3
85.1	956.6	1188.6	1075.5	1074.6
85.2	955.1	1187.6	1073.8	1073
85.3	953.6	1186.1	1072.1	1071.4
85.4	951.7	1183.7	1070.4	1069.8
85.5	950.5	1182.5	1069.1	1068.2
85.6	949.5	1180.8	1067.7	1066.6
85.7	947.1	1178.5	1066	1064.9
85.8	945.3	1176.5	1064.3	1063.3
85.9	944.1	1174.2	1062.7	1061.7
86	942.8	1173.2	1061.2	1060.1
86.1	940.9	1171.7	1059.2	1058.5
86.2	938.9	1170.6	1057.5	1056.9
86.3	937.4	1168.3	1056	1055.3
86.4	936.3	1166.5	1054.3	1053.7
86.5	935.4	1165.4	1052.4	1052
86.6	933.7	1163	1050.9	1050.4
86.7	932.4	1160.8	1049	1048.8
86.8	930.8	1159.2	1047.5	1047.2
86.9	928.6	1157.1	1045.6	1045.6
87	927.2	1155.5	1043.7	1044
87.1	924.9	1154.1	1042.3	1042.3
87.2	923.1	1152.7	1040.9	1040.7
87.3	921.9	1151.3	1039.3	1039.1
87.4	920.3	1149.1	1037.7	1037.4
87.5	918	1147.8	1036	1035.7
87.6	916.5	1146.1	1034.2	1034.1
87.7	915	1143.7	1032.5	1032.4
87.8	913.9	1142.2	1030.9	1030.8
87.9	911.5	1140.7	1029.2	1029.1
88	910.7	1139.2	1027.8	1027.4
88.1	909.2	1137.6	1026.3	1025.8
88.2	907.7	1136.1	1024.9	1024.1
88.3	906.8	1134.5	1023.3	1022.5
88.4	905.3	1131.9	1021.7	1020.8
88.5	903.7	1128.9	1020	1019.2
88.6	902	1126.9	1018.3	1017.5
88.7	900.8	1123.8	1016.1	1015.8
88.8	899.3	1122.3	1014.2	1014.2
88.9	898.3	1121	1012.8	1012.5
89	896.3	1120	1011.2	1010.9
89.1	895.4	1118.6	1009.5	1009.2
89.2	894.1	1117.7	1008	1007.6
89.3	892.8	1116.3	1006.1	1005.9
89.4	891.2	1114.7	1004.5	1004.3
89.5	889.5	1113.4	1002.9	1002.6
89.6	887.9	1111.7	1001	1001
89.7	886.6	1110.2	999.2	999.3
89.8	885	1108.7	997.5	997.7
89.9	882.7	1106.9	995.7	996
90	881.2	1105.4	994	994.4
90.1	879.2	1104.1	992.5	992.7
90.2	878	1102.9	990.8	991.1
90.3	876.7	1100.4	989	989.4
90.4	875.1	1098.2	987.4	987.8
90.5	874.1	1096.4	985.7	986.2
90.6	872.9	1093.3	984	984.6
90.7	871.5	1091.5	982.3	982.9
90.8	869.6	1089.5	980.7	981.3
90.9	868.4	1088.5	979.2	979.7
91	867	1086.6	977.3	978.1
91.1	864.5	1085	975.4	976.4
91.2	862.3	1083.6	974	974.8
91.3	861.1	1082	972.4	973.2
91.4	860.5	1080.1	970.8	971.5
91.5	859.2	1078.7	969.2	969.9
91.6	857.4	1077.2	967.3	968.2
91.7	856.1	1075.9	965.6	966.6
91.8	854.7	1074.8	963.8	964.9
91.9	852.7	1073.8	962.2	963.3
92	851.6	1072.4	960.6	961.6
92.1	849.4	1071.1	958.7	960
92.2	847.7	1069.5	957.1	958.3
92.3	846.9	1068.3	955.4	956.6
92.4	845.8	1066.7	953.9	955
92.5	844.9	1064.8	952	953.3
92.6	844.1	1063	950.4	951.6
92.7	842.4	1061.6	948.8	950
92.8	840.6	1060	947.2	948.3
92.9	839.5	1058.2	945.4	946.6
93	837.7	1056.7	943.8	945
93.1	836.3	1055.3	942.1	943.3
93.2	834.8	1053.5	940.4	941.6
93.3	833.6	1051.4	939	940
93.4	831.2	1049.5	937.4	938.3
93.5	829.3	1048.6	935.7	936.7
93.6	827.9	1047.5	934.1	935
93.7	826.3	1045.3	932.5	933.4
93.8	824.4	1042.5	930.9	931.7
93.9	822.9	1040.5	929.4	930.1
94	822.5	1038.8	927.9	928.4
94.1	821.1	1037	926.3	926.8
94.2	820.1	1035.5	924.4	925.1
94.3	819.3	1033.9	922.8	923.5
94.4	818.3	1032	921.1	921.9
94.5	816.5	1030.6	919.6	920.2
94.6	815.1	1029	918.2	918.6
94.7	813.9	1027.4	916.7	917
94.8	812	1025.8	915.3	915.3
94.9	810.6	1024.2	913.6	913.7
95	808.7	1022.6	911.9	912.1
95.1	807.4	1020.9	910.3	910.4
95.2	805.6	1019.3	908.6	908.8
95.3	804	1018.4	907.2	907.2
95.4	802.5	1017	905.7	905.5
95.5	801	1014.9	903.7	903.9
95.6	799.3	1013	902.3	902.2
95.7	797.7	1011.8	900.6	900.6
95.8	796.4	1009.8	899.1	898.9
95.9	794	1008.3	897.3	897.3
96	792.2	1007.1	895.4	895.6
96.1	790.5	1005.9	893.9	894
96.2	789.2	1004.1	892.4	892.3
96.3	787.9	1002.6	890.7	890.7
96.4	786.9	999.9	889.1	889
96.5	785.8	998.4	887.6	887.4
96.6	784.5	997	886.1	885.7
96.7	783.3	994.6	884.6	884.1
96.8	782.2	992.7	882.8	882.5
96.9	781.2	990.8	881	880.8
97	779.7	988.7	879.6	879.2
97.1	778.1	986.8	878.3	877.5
97.2	776	985.3	876.7	875.9
97.3	775	984	875.4	874.3
97.4	773.7	982	874	872.6
97.5	772.3	979.9	872.3	871
97.6	770.9	978.2	870.9	869.4
97.7	769.7	976.4	869.4	867.8
97.8	768.5	975.2	867.8	866.2
97.9	767.3	973.6	866	864.6
98	765.4	972.4	864.1	862.9
98.1	763.4	970.6	862.5	861.3
98.2	762	969.5	861.2	859.7
98.3	760.7	968.1	859.6	858.1
98.4	759.5	966.7	858.2	856.6
98.5	758	964.8	856.8	855
98.6	757	963.3	855.3	853.5
98.7	755.7	962.1	853.9	851.9
98.8	754.4	960.1	852.4	850.4
98.9	753.2	958.1	850.8	848.8
99	751.7	956.9	849.2	847.3
99.1	750.2	956.1	847.7	845.7
99.2	748.5	955.2	845.7	844.2
99.3	747.2	953.6	844.4	842.6
99.4	746.1	952.3	843	841.1
99.5	744.8	951.1	841.6	839.6
99.6	743.6	949.6	840.2	838.1
99.7	742.3	948.2	838.9	836.5
99.8	740.8	946.9	837.5	835
99.9	739.5	945.9	835.9	833.5
100	738.2	944.8	834.4	832
100.1	736.9	942.8	832.8	830.4
100.2	735.5	942	831.5	828.9
100.3	734.2	940.4	830.1	827.4
100.4	733.1	938.5	828.7	825.9
100.5	731.9	937.5	827.3	824.5
100.6	730.5	936.6	825.7	823
100.7	729.1	935.7	824.4	821.5
100.8	727.7	935	822.9	820
100.9	726.3	933.9	821.4	818.5
101	724.9	932.7	820.2	817
101.1	723.5	931.6	818.9	815.5
101.2	722.3	930	817.6	814.1
101.3	721.2	928.3	816.5	812.6
101.4	720.3	927.2	815.3	811.1
101.5	719.1	924.8	814.1	809.6
101.6	718	923.5	812.7	808.1
101.7	717.1	921.8	811.4	806.6
101.8	715.6	920.6	809.9	805.2
101.9	714.5	919.2	808.7	803.7
102	713.2	917.9	807.5	802.2
102.1	711.8	917.2	806.2	800.7
102.2	710.4	915.9	804.9	799.2
102.3	709.3	915.2	803.7	797.7
102.4	708.3	914.2	802.4	796.2
102.5	707	912.9	801.2	794.7
102.6	705.9	912	800.1	793.2
102.7	705	911.1	798.9	791.7
102.8	704.1	910.2	797.7	790.2
102.9	702.5	909.1	796.5	788.7
103	701.3	907.6	795.3	787.2
103.1	700.1	906.5	793.9	785.7
103.2	698.6	905.6	792.5	784.2
103.3	697.7	904.2	791.6	782.7
103.4	696.6	903.1	790.5	781.1
103.5	695.8	901.8	789.5	779.6
103.6	694.9	900.2	788.4	778.1
103.7	693.5	898.6	787.3	776.6
103.8	692.1	897	786.2	775
103.9	691	895.6	785.1	773.5
104	689.7	894.1	783.8	772
104.1	688.3	893.3	782.4	770.4
104.2	686.9	892.5	781	768.9
104.3	685.2	891.4	779.7	767.2
104.4	684	889.9	778.3	765.5
104.5	682.8	888.3	776.7	763.8
104.6	681	887.2	775	762.1
104.7	679.4	885.1	773.4	760.4
104.8	677.6	883.5	771.6	758.7
104.9	675.5	882	769.8	757
105	673.6	879.9	768	755.3
105.1	671.3	878	766	753.6
105.2	668.8	875.8	764	751.9
105.3	667.2	874.2	761.9	750.1
105.4	665.3	872.2	759.7	748.3
105.5	663.3	870.8	757.5	746.5
105.6	661.1	867.9	755.3	744.7
105.7	658.7	866	752.9	742.9
105.8	656	864.4	750.8	741.1
105.9	653.8	862.6	748.5	739.3
106	651.8	860.9	746.4	737.5
106.1	649	858.7	744.1	735.7
106.2	646.4	856.2	741.6	733.9
106.3	644.3	854.1	739.3	732.1
106.4	642	852.7	737.3	730.3
106.5	639.7	850.9	735.4	728.5
106.6	637.5	849.1	733.4	726.7
106.7	635.7	846.9	731.3	724.9
106.8	633.2	845	729.1	723.1
106.9	630.8	843.3	727.3	721.3
107	628.2	841.5	725	719.5
107.1	626.2	839.7	723	717.7
107.2	623.9	838	721	715.9
107.3	621.9	835.6	719	714.1
107.4	619.6	833.2	717.1	712.3
107.5	617.2	831.6	714.8	710.5
107.6	615	830.4	712.8	708.7
107.7	612.6	827.6	710.8	706.9
107.8	610.5	825.9	708.9	705.1
107.9	607.9	824.6	707.1	703.3
108	605.9	823.5	704.8	701.5
108.1	603.8	821.3	702.5	699.7
108.2	601.1	819.7	700.5	697.9
108.3	599.5	818.2	698.7	696.1
108.4	596.9	817	696.8	694.3
108.5	594.2	814.9	695	692.5
108.6	591.7	813	693.2	690.8
108.7	589.4	811.2	691.3	689
108.8	587.2	809.8	689.4	687.2
108.9	585	807.5	687.3	685.4
109	582.6	805.9	685.4	683.6
109.1	580.2	804.2	683.5	681.8
109.2	577.5	802.5	681.5	680.1
109.3	575.9	801.3	679.8	678.3
109.4	574.2	799.8	677.9	676.5
109.5	572.2	798.6	676	674.7
109.6	570.1	796.7	674.2	672.9
109.7	568.2	794.1	672.2	671.1
109.8	566.2	792.7	670.7	669.3
109.9	564	790.7	669	667.5
110	562.2	787.5	667.1	665.7
110.1	560.2	785.6	665.4	663.9
110.2	557.9	784.1	663.6	662.1
110.3	556	781.9	661.7	660.3
110.4	554	780.2	659.8	658.5
110.5	551.9	778.4	658.2	656.7
110.6	549.8	776.4	656.2	654.9
110.7	547.9	774.5	653.8	653.1
110.8	545.6	773	651.9	651.2
110.9	543.6	770.7	649.9	649.4
111	540.9	768.8	647.9	647.6
111.1	538	767	646.3	645.8
111.2	535.8	765.2	644.3	644
111.3	533.9	764.1	642.4	642.2
111.4	530.9	761.3	640.7	640.3
111.5	529.6	760.1	638.8	638.5
111.6	527.9	758.3	636.7	636.7
111.7	525.9	756.6	634.8	634.8
111.8	524.4	754.1	633.1	633
111.9	521.7	751.4	631.2	631.2
112	519.6	750.1	629.5	629.3
112.1	518.1	747.9	627.4	627.5
112.2	516.2	746.4	625.4	625.7
112.3	513.7	745.1	623.2	623.9
112.4	511.7	743.8	621.1	622.1
112.5	509.6	742.6	619.3	620.3
112.6	507.1	740.9	617.6	618.4
112.7	504.9	739.1	615.8	616.6
112.8	503.4	738.2	614.1	614.8
112.9	500.5	736.4	612.2	613
113	498.8	734.1	610.2	611.2
113.1	497.3	732	608.5	609.4
113.2	495.1	730.6	606.8	607.6
113.3	493.5	728	604.9	605.8
113.4	491.3	725.8	603	604.1
113.5	489.8	724.2	601.3	602.3
113.6	487.5	722.5	599.5	600.5
113.7	485.1	721.1	597.7	598.7
113.8	483.2	719.1	595.9	597
113.9	481.6	717.4	594	595.2
114	479.6	715.5	591.9	593.4
114.1	477.3	714.3	590.3	591.7
114.2	475.6	712.4	588.5	589.9
114.3	473.8	710.4	586.7	588.1
114.4	472.1	708.3	585	586.3
114.5	470.2	706.2	583.2	584.5
114.6	468.5	704.2	581.3	582.7
114.7	466.8	701.8	579.5	580.9
114.8	465.2	700.1	577.5	579.1
114.9	463.3	698.7	575.7	577.3
115	461.2	697.2	574.3	575.5
115.1	459.5	695.5	572.3	573.8
115.2	458	693.2	570.6	572
115.3	456.3	692	568.4	570.2
115.4	453.7	690.2	566.5	568.4
115.5	451.3	688.6	564.6	566.6
115.6	448.8	687.1	562.6	564.8
115.7	447	685.2	560.9	563
115.8	444.5	683.5	559.4	561.2
115.9	442.4	682.3	557.7	559.4
116	440.6	680.5	555.8	557.6
116.1	438.6	679	554.1	555.8
116.2	436.1	677.4	552.3	554
116.3	434.9	675.6	550.6	552.2
116.4	433.4	674.2	548.8	550.4
116.5	431.3	672.1	546.9	548.6
116.6	429.1	670.1	544.7	546.9
116.7	427.2	668.6	542.6	545.1
116.8	424.7	666.2	540.7	543.3
116.9	422.5	664.3	539.2	541.5
117	420.4	663.4	537.4	539.8
117.1	417.3	661.7	535.3	538
117.2	414.9	659.8	533.4	536.2
117.3	413.6	658.2	531.6	534.5
117.4	411.4	655.9	529.7	532.7
117.5	409	654.7	528.2	531
117.6	407.6	653.4	526.3	529.2
117.7	406.3	652.3	524.5	527.5
117.8	403.8	651.2	522.7	525.8
117.9	401.8	650	520.8	524
118	399.1	648.9	519.3	522.3
118.1	396.5	647.5	517.1	520.5
118.2	394.8	645.6	515.6	518.8
118.3	393.3	642.6	513.8	517
118.4	392.2	641	512.1	515.2
118.5	390.5	638.7	510.2	513.4
118.6	388.6	637.7	508.2	511.6
118.7	386.8	635.9	506.1	509.8
118.8	384.8	633.8	504.5	508
118.9	382.8	631.8	502.5	506.2
119	380.6	629.8	500.6	504.4
119.1	378.4	628.1	498.6	502.6
119.2	376.4	626.8	496.6	500.8
119.3	375.1	625.4	494.9	499
119.4	373.6	624.1	493.1	497.2
119.5	372.1	622.8	491.2	495.4
119.6	370.2	621.6	489	493.6
119.7	368.1	620.2	487.2	491.8
119.8	365.8	618.9	485.4	489.9
119.9	363.7	617.6	483.3	488.1
120	360.8	615.2	481.8	486.3
120.1	358.7	613.3	480.1	484.5
120.2	357.3	611.5	478.2	482.7
120.3	355.3	610.1	476.3	480.8
120.4	353	608.1	474.5	478.9
120.5	350.7	606.6	472.4	477
120.6	348.4	604.9	470.6	475
120.7	346.3	603.2	468.5	473.1
120.8	343.7	601.1	466.6	471.2
120.9	340.8	599	464.8	469.3
121	337.7	597	463	467.4
121.1	335	595.9	461.3	465.5
121.2	332.6	594.6	459.4	463.6
121.3	330.3	593.1	457.4	461.6
121.4	328.8	591.3	455.5	459.6
121.5	327	589.3	453.7	457.6
121.6	325.4	587.5	451.5	455.6
121.7	322.7	586.3	449.6	453.6
121.8	319.2	585	447.5	451.7
121.9	315.6	582.8	445.7	449.7
122	312.5	581.6	443.8	447.7
122.1	309.3	579.9	442	445.7
122.2	306.4	578.3	439.9	443.7
122.3	304.6	576.2	437.7	441.7
122.4	302	574.1	435.9	439.7
122.5	300.4	572.6	433.7	437.6
122.6	298.9	570.9	431.6	435.6
122.7	296.8	568.3	429.7	433.6
122.8	294.8	566.3	427.6	431.6
122.9	292.4	564.8	425.7	429.6
123	290.7	563.3	424.1	427.6
123.1	287.9	562	422.3	425.5
123.2	284.5	560.2	420.6	423.5
123.3	283.8	558.5	418.6	421.5
123.4	280.4	557.2	416.7	419.5
123.5	278	556.2	414.7	417.5
123.6	275.4	555.5	412.7	415.6
123.7	272.4	554	411.2	413.6
123.8	268.7	551.9	409.3	411.6
123.9	265.4	550.4	407.4	409.6
124	262.9	548.8	405.6	407.6
124.1	260.4	547.7	403.8	405.6
124.2	258.2	546.5	402	403.6
124.3	256.4	544.7	399.7	401.6
124.4	253.6	543.3	397.8	399.6
124.5	252.5	541.5	396	397.6
124.6	250	540.3	394	395.6
124.7	246.6	538.1	392.2	393.6
124.8	243.5	536.6	390.1	391.6
124.9	241.4	534.6	387.9	389.6
125	238.2	533.2	386.1	387.6
125.1	236.2	531.6	384.2	385.6
125.2	235.1	530.3	382.1	383.6
125.3	233.2	529	380.4	381.5
125.4	230.8	527.5	378.3	379.5
125.5	228.9	525.8	375.9	377.5
125.6	227	523	373.5	375.5
125.7	224.4	522.2	371.4	373.5
125.8	221	520.9	369.5	371.4
125.9	218.4	520	367.5	369.4
126	215	518.3	365.2	367.4
