"","variable","PC1","PC2","PC3","PC4","PC5","PC6","PC7","PC8","PC9","PC10","PC11","PC12","PC13"
"1","Fe",0.305326821100735,0.230981732080107,0.11795800135505,0.334158850678432,0.255817219516888,0.39007195127899,-0.162722244562708,0.0657691054939731,-0.548217102798874,-0.298797707557748,0.212877423183683,0.00600416859220177,-0.210402361958381
"2","Mn",-0.254930096077931,0.278022032579774,-0.00926601604999187,0.324149745491429,-0.292120968506896,-0.542837787695175,0.125396339575544,0.0630831443514477,-0.443916067021843,0.256221143388993,-0.0843194502545832,-0.0239535548445117,-0.287140973262742
"3","Ba",0.174041595343019,0.399009184695578,-0.300110378130757,0.316728678900683,-0.0118772752551676,-0.0260046176344329,-0.0486620776822512,0.552403120166982,0.5370216832847,-0.044462427078086,0.0473589846071283,-0.0736316524561853,-0.117259090618359
"4","S",-0.218472289733951,-0.463809329850134,-0.252468203145255,0.220580549976563,0.306048170402541,0.0652448477178511,0.170412872457137,-0.12921595267017,0.162463593108531,-0.0269600526739032,0.00926169833836524,0.0681605831162092,-0.670255325661968
"5","Ti",0.446350698074389,0.155896007227961,-0.0871567262551202,0.0434495548231007,0.0547621540397653,0.0738525907626918,-0.084527898053716,-0.248749989224472,0.036348652673194,0.321110321995245,-0.598463333814067,0.462787601457618,-0.112893399812706
"6","Al",0.335929940189674,-0.303490507249554,0.0392914126545078,-0.226826391772029,-0.362534075977902,-0.215632122526099,0.0466935170079983,0.31735313421345,-0.074018352699186,-0.194799596003525,0.297575726029578,0.546403753606484,-0.17520023267166
"7","Si",0.40142757477576,-0.257208085857075,0.200012627270222,-0.117618919519558,-0.104456200315237,-0.134886004497781,0.0954950454372303,0.187883494278453,-0.0555214358349025,-0.201214056942244,-0.453076472325066,-0.593049838057742,-0.211612078154169
"8","K",0.382375506636609,-0.0631776203083867,-0.351766238781608,-0.113561599090807,-0.182246763242271,0.0330932243602193,-0.1918722159332,-0.249196087404684,-0.0442567471348191,0.491946219713926,0.44324894700381,-0.351368297700851,-0.126649527591808
"9","Ca",0.221595628937375,0.150986143824876,0.482878389956532,0.192998174407201,0.120230395537598,-0.420887116809871,-0.0664473079213699,-0.467056592608423,0.367154199134234,-0.179545605675242,0.254272650434686,-0.00395964837276632,-0.10867942872076
"10","Rb",-0.0278476952708848,0.345838231138717,-0.495208486707705,-0.297337442807334,-0.202939107331236,-0.049555270439623,0.108067820426426,-0.375763762175865,-0.0332570159478814,-0.570401605504185,-0.0732525335752618,-0.0330134310775615,-0.128617719157065
"11","Zr",0.0901523948935135,0.34149964186603,0.173324999540367,-0.425516280590178,0.312243597412041,0.0678016804206366,0.661193454707431,0.109436965468588,-0.0129310846280286,0.23309877701956,0.154767084236922,-0.00342279759651431,-0.185557794585723
"12","Sr",-0.246275846471809,0.191804025338338,0.169879255022308,-0.491281054082409,0.14887893472021,-0.0578209296961115,-0.639629661703288,0.159451578043564,0.0214575721525587,0.0598115911374466,-0.0519737068026675,0.00187374279427723,-0.406868099004838
"13","P",-0.16022858711635,0.112492726186374,0.349292812409246,0.0783863364495566,-0.633688312029219,0.538010267508449,0.0934472899105501,-0.114538137391504,0.198072512579157,0.0574710372132293,-0.0106092457619719,-0.0174551673095179,-0.278750990864949
