"","variable","PC1","PC2","PC3","PC4","PC5","PC6","PC7","PC8","PC9","PC10","PC11","PC12","PC13"
"1","Fe",0.085180430772381,0.318848406198475,0.351181895128088,0.282884686424673,-0.394327116309902,0.483854800723238,0.128583340295838,-0.260704490964578,0.359941336762318,-0.0616034489343986,0.175255158603885,-0.0815687430407094,-0.207116121194051
"2","Mn",-0.293613973612524,-0.223297271822298,-0.0933269413279028,0.42482846040313,0.281263872771782,-0.0601821634689176,0.053506781852918,-0.646894463084965,-0.228223243737409,0.0619092627929688,-0.036807526670443,0.0425356525142087,-0.334051884582988
"3","Ba",0.119500456012091,-0.393418436852897,0.0815032832824138,0.514956499057991,-0.097660115480376,0.281637829890801,0.0943198265426191,0.526014862329278,-0.386153399988203,-0.153362517182726,-0.00631191137524183,0.00935343335750243,-0.109139937959655
"4","S",-0.346915581876683,-0.223661745602723,0.253657578243746,-0.3574725373423,0.121873453380468,0.12586882120423,-0.26101405981575,0.257119249596812,0.199255609635657,0.075636284866335,-0.0171313438312472,-0.0162519127997792,-0.653131090023248
"5","Ti",0.420026234029399,-0.158239120871104,-0.0663244693134664,0.200356936351817,0.0327498705109012,-0.0372959081050032,-0.00166102998334804,0.0395171160994188,0.346477257313974,0.633652955259065,-0.46742056997517,0.0164502220368494,-0.0982519685726881
"6","Al",0.398310073131986,-0.0336327686957977,0.29211596282884,-0.235768140541525,0.0708813822619137,-0.131851055335429,0.177176794442261,-0.166124347505442,-0.264147811685571,-0.216760287091639,-0.244640365805533,-0.636735324788807,-0.189372419630079
"7","Si",0.403867363995055,0.219784698251899,0.229167704864723,-0.11960428104553,0.194555051906271,-0.0206985263873293,0.0341365775187372,-0.0635538276668369,-0.176059936602645,-0.226793014520398,-0.148568547467835,0.719888722385061,-0.235656035225691
"8","K",0.358588299955657,-0.363376090522496,0.0340787835838769,-0.126335239076842,-0.0593590060778012,-0.220066030424658,0.163451997238539,-0.083560175708858,0.0339146777316498,0.226416670123194,0.75174599765038,0.0679380681685353,-0.12019377757609
"9","Ca",0.169853138315147,0.294786374545263,-0.213810953426692,0.318110511623884,0.593395477286429,-0.11335695715997,-0.052250348736069,0.237401098807049,0.350305292963429,-0.257254359921372,0.229508267561974,-0.207850592951029,-0.168862644393551
"10","Rb",0.162724631844609,-0.364022136308294,-0.413059893617848,-0.0197251048628477,-0.374506523209332,-0.126188560667734,-0.173973296251832,-0.144873286118544,0.333991348225167,-0.544434570546653,-0.164412281396405,0.0677025871196807,-0.151634747039201
"11","Zr",0.24709673796581,0.280251837734614,-0.340197987426956,-0.0204201768737151,-0.158585163775498,0.191609072920466,-0.639177296988142,-0.0640265227007663,-0.393188718638138,0.190048911249829,0.143040995476911,-0.121528644588383,-0.20927077363239
"12","Sr",-0.0755048946451174,0.229558405862843,-0.541341657827814,-0.200642252241221,-0.122959564548928,0.133236882072018,0.63417159958619,0.128671222488337,-0.11732726408849,0.10041150471167,-0.0398766210616951,0.00574609300131526,-0.362245087133599
"13","P",-0.151821603031475,0.294115323487859,0.168663790683526,0.279780723872747,-0.401114199640058,-0.718489515020742,-0.0241764658218552,0.180486162878206,-0.0703150167993675,0.0560429570125719,-0.017766306634196,0.00633019296907585,-0.254953684330463
