"","variable","PC1","PC2","PC3","PC4","PC5","PC6","PC7","PC8","PC9","PC10","PC11","PC12","PC13"
"1","Fe",0.344930159245636,0.139388598368997,0.120080041543242,-0.164509211726745,-0.0550494241585201,0.062365107776516,-0.394286808375126,0.458118846272752,-0.565040509324782,-0.260729621715384,0.0372976279356028,0.0629864914306279,-0.235048021604574
"2","Mn",0.130857394961049,-0.203537415226954,0.638409339741021,0.0619567515348519,0.22741485247957,0.151888575924551,0.539375414127538,0.237883323641157,0.0178524340947774,0.127364492280855,-0.0486397390936361,-0.0203454231058282,-0.297357675608671
"3","Ba",-0.205264464478405,-0.0708718562638123,0.37442847745066,-0.630580651770034,-0.00436205037918275,0.0730470596588576,-0.409946344856163,-0.026107502479602,0.470110389588007,-0.0708239875416271,0.046514103335843,-0.0355368668785744,-0.107127412074789
"4","S",0.338588470695268,0.122786740785632,-0.302648102278351,-0.141577540887688,-0.281638682601806,0.357356118542524,0.12475162596801,-0.335770089396316,0.124381034917994,0.1169881347242,-0.0197705560009174,-0.0238340222111244,-0.627054323625787
"5","Ti",-0.384635975020326,0.0803342257962946,0.0347532663360618,-0.134737316602409,-0.040303346865993,-0.050183035519224,-0.124004356306792,-0.0133562177396295,-0.39339110948402,0.649754272065728,-0.31747846936981,-0.330227627605635,-0.140575372969664
"6","Al",-0.262298052778564,0.467259319322558,-0.0478793484146071,0.153929394850264,0.152859823249693,0.0109033069075464,0.0896835724949151,0.166095513334102,0.11973237256543,-0.259862615029415,0.353450372751266,-0.614637224506198,-0.207835020013078
"7","Si",-0.237558120537024,0.46668191508659,0.0764360151321121,0.289919790571919,-0.111707273641412,-0.0184034739185356,-0.0665961253353019,0.227933226571238,0.275427538220278,-0.092576451928883,-0.533891090446323,0.398572008495126,-0.195811917222482
"8","K",-0.364633233217291,0.191854406727961,-0.125663810937154,-0.200143203311645,0.254332649624786,0.0394103349467884,0.155869809905956,0.00673167938076741,-0.182164361961537,0.172596449343685,0.503374976010867,0.584710568883212,-0.159876850718651
"9","Ca",-0.240685357271879,-0.0945801066049234,0.445326536676638,0.416320333365701,-0.326651871410361,0.0275034728608127,-0.227518403824544,-0.488389316128043,-0.229061326280904,-0.171105374646879,0.22373122337407,0.0668750069654232,-0.165729045087125
"10","Rb",-0.321949304855868,-0.253870165972104,-0.174929227865948,-0.261215743230087,0.181645264724472,-0.130449138024324,0.250705932963992,-0.19859542987957,-0.262194083091527,-0.566003795423986,-0.374454756519526,-0.0328474475722391,-0.224405307699962
"11","Zr",-0.205520660740858,-0.393233052494065,-0.173568784104578,0.0248284678948543,-0.570128322414096,-0.346074529286018,0.117289898193983,0.446827672020258,0.129153273453253,0.0338738396723668,0.195270535116828,0.00313347755900907,-0.24123074148288
"12","Sr",-0.0813441996003978,-0.444905316589435,-0.236568635856012,0.378351178693958,0.484049155396482,0.198151450994997,-0.424763058989985,0.125410255754985,0.145193951670401,0.0828061818506575,-0.00573174226255515,0.00165607856700183,-0.314062625680736
"13","P",0.300917099029488,0.117006499422373,0.0779798652540596,0.0118482117799017,0.254386001220108,-0.811583087527127,-0.0950987435359127,-0.21680300600106,0.0826003842711493,0.106701999133243,0.0332770017807356,0.0254706573302024,-0.30024361067978
