"","variable","PC1","PC2","PC3","PC4","PC5","PC6","PC7","PC8","PC9","PC10","PC11","PC12","PC13"
"1","Fe",0.16129641667572,0.275154274816674,0.468471343668432,0.208147411059636,0.175173252182999,-0.302321468490188,-0.334481010065127,-0.19125112876583,-0.476259616683908,0.285885744616835,0.108325404472931,0.0591761675653278,0.202865162086928
"2","Mn",-0.27538556725112,0.216963598018578,0.0277983252003667,0.344436289660917,-0.297736652562693,0.587180470721203,0.131198243559088,-0.181987250067616,-0.323885925081279,-0.240491339083611,-0.0882162019743534,-0.0345587232149562,0.319696017974108
"3","Ba",0.237783024579881,0.253489585196564,-0.126067920160887,0.545604580577805,-0.0744483862347395,-0.00800964323550821,-0.120432392169254,0.689733569249372,0.20986086612291,0.0549754582810506,0.0662995870254275,-0.0834130387091966,0.106604202248439
"4","S",-0.338037878627728,-0.369582613501615,0.04710153703747,0.146618873806694,0.327089369874028,-0.21117209139205,0.121691479095321,0.0197423857272252,0.247049838696704,0.00100974465251871,-0.00593813936447026,0.0348616335258286,0.704527155006053
"5","Ti",0.449403403027926,0.0370926028852951,0.000844471615721432,0.0956019229471089,0.00700226608793421,-0.0932209821297283,-0.0754917279489379,-0.182032480645884,0.152384611769071,-0.362017411035928,-0.617991222695145,0.434464652455852,0.122457787654435
"6","Al",0.263783040479824,-0.462538683450605,0.000149777504615436,-0.129638969013115,-0.277741814282365,0.26008866211939,-0.0223149569707965,0.214083804378341,-0.222951145728691,0.250251598461675,0.25873913496161,0.548523052383087,0.168514610970649
"7","Si",0.36128568593916,-0.270790406913513,0.254227371105815,-0.206620982790734,-0.0708718640665183,0.178192257305729,0.0829977514144376,0.147270614196094,-0.112539797369322,0.1731802948729,-0.395297137213209,-0.622693732225502,0.191846105821055
"8","K",0.390221670499384,-0.232902810949003,-0.16010793388497,0.120794173049378,-0.0883463198008394,-0.061429031558336,-0.238423187553709,-0.30720710248035,0.0415590523242014,-0.467248488939061,0.50776572409592,-0.309859464115193,0.128724139758651
"9","Ca",0.223375378543169,0.309483690302341,0.404577275181454,-0.117891508474614,0.0568819623015753,0.351412038733459,0.169264631423107,-0.213127201623365,0.593862250155165,0.184002731407999,0.266662189073709,0.0748419135334724,0.112707567542228
"10","Rb",0.170931387579002,0.093268518048166,-0.602372259169885,0.164314426161701,-0.119019786484428,-0.0746356807975441,0.134801915260569,-0.405991716004141,0.042781142774312,0.577546187650347,-0.0849881415463256,-0.0761180386485814,0.14521737401767
"11","Zr",0.261302544310824,0.323670154426964,-0.152072632960767,-0.26822023491017,0.205601191678405,-0.165354021314189,0.635586707893522,0.174863423068701,-0.318366479605467,-0.213993426240609,0.1833094042155,0.0403822358280836,0.212944792238637
"12","Sr",-0.0639250506866755,0.304868960048121,-0.321137679657785,-0.514695692534981,0.165957191074968,0.224421973699562,-0.56644912537078,0.13116236643794,0.000290782688915497,-0.0234467350522539,-0.0340849491062566,-0.00861801719988434,0.342295723632351
"13","P",-0.146666766155626,0.176898170674883,0.136355163130621,-0.24057432044029,-0.768703357852596,-0.447808739656586,0.00288955626221278,0.0334019558556237,0.141488292043103,-0.0406861522564392,0.00344012457730331,-0.0251614669549671,0.236318364130792
