"","variable","PC1","PC2","PC3","PC4","PC5","PC6","PC7","PC8","PC9","PC10","PC11","PC12","PC13"
"1","Fe",0.315594619618163,0.159710893172662,0.230743975469807,0.130482095145985,-0.016253734489037,0.00796129185194171,-0.384327839324179,0.753976534530713,-0.00141606124228376,0.247196360807544,0.0132133409190166,-0.00670758136870529,0.163647207411062
"2","Mn",0.252490034359972,0.423921617036592,0.0170891796692487,0.0153719131594421,-0.0159519041763189,-0.493103084935149,0.54478808862532,0.0362516803924897,-0.169936723331479,-0.14067972251752,0.0374474719633841,-0.0140366533454738,0.40525169076202
"3","Ba",-0.230311384903706,0.428279677583925,-0.0381958585978258,0.322496691683016,0.317211293043299,-0.104904491747438,-0.466749219489689,-0.341510975400909,-0.421048073996456,0.151909779478472,0.00331700901277833,0.0259407666764591,0.104477841255692
"4","S",0.305309364327463,-0.407049696118552,-0.0360010011534986,0.3123573249679,-0.0330005098941845,0.211470655947316,-0.137887766053305,-0.273625874908704,0.0936240257804981,-0.10555504080065,-0.00541453453769737,0.0110609607222975,0.694608920252019
"5","Ti",-0.378789070796616,0.0816561830010183,0.116416379648293,0.0312285539988508,0.0666867262319667,0.0326359219521956,-0.15708828472691,0.212931216336302,0.106583327939607,-0.702494836572976,0.288604585117297,-0.390068119649722,0.139605554750477
"6","Al",-0.325259166284023,-0.244859745723878,0.328235545964054,-0.0649961366556086,-0.105461141475089,-0.20246238548738,0.077505780786519,-0.0211526264274472,-0.110485510710502,0.364404395291543,-0.351621964857046,-0.600257091020316,0.186481274728464
"7","Si",-0.301298798256329,-0.118512123140002,0.447848367633043,-0.127245114113447,-0.230011927730557,0.0479112645227376,0.0888187256961029,-0.0385166554246421,-0.199055460912891,0.208737645043069,0.598569230273682,0.375259042181411,0.177601247991767
"8","K",-0.376840997296847,-0.124488849322147,0.139658209909139,0.0357259786360775,0.0792243877496892,-0.220977199914883,-0.037755879985952,0.17775037840222,0.092904160369435,-0.233545690050925,-0.548395797069891,0.587711873830928,0.155777176675398
"9","Ca",0.0106564827626636,0.562097672288214,0.35535500661335,-0.0868009292705602,-0.33000303506098,0.32779324799425,-0.0523162697478494,-0.275582141745905,0.446190428212843,0.0198394390737208,-0.218391972578588,0.00447032290337676,0.0888459317080942
"10","Rb",-0.316283608251833,0.0743978930715907,-0.318562194695283,0.108236710600096,0.294005106045455,-0.144087518788975,0.100440029658613,0.0793503081077184,0.635346029254961,0.390799754594717,0.245780108599731,0.00135274892146266,0.202111286292115
"11","Zr",-0.260941455910344,0.155993862588573,-0.288955205296008,-0.0181763927493006,0.0627990612527764,0.661074869747119,0.351549177013921,0.265825256502732,-0.322936302587533,0.0839214351727364,-0.154885995766858,-0.0034856735606927,0.230659703300169
"12","Sr",-0.104460925846307,0.0601665409203281,-0.509500883183378,-0.487878202370704,-0.498819397308355,-0.187490265964424,-0.363251319975434,0.0164979103113424,-0.0786111486969116,0.0170872687876939,-0.00189470732314176,0.0148076187429168,0.254872469282463
"13","P",0.17080830851743,-0.0077713665191375,0.17748505769966,-0.707738948411539,0.612301097251889,0.0865819375542317,-0.101333586575219,-0.0816163755568697,0.00576274782114513,-0.0052288667198017,-0.0182458561503232,0.0048140014180867,0.196502754379762
