"","variable","PC1","PC2","PC3","PC4","PC5","PC6","PC7","PC8","PC9","PC10","PC11","PC12","PC13"
"1","Fe",0.227417279651415,0.2041574746752,0.357021260668823,-0.280010021405646,-0.0777465207159433,0.563714850480934,-0.402493328883423,0.11831978919726,-0.316513617040348,-0.0292663551302966,0.240119054516536,-0.00804742690607462,-0.205310975374504
"2","Mn",-0.104155281882922,-0.48103429221136,0.118246357003846,0.312202163845587,-0.015006986439043,0.267503497562735,0.2084456949809,0.644823718354873,0.0790157924451154,-0.00013656413153949,-0.0741421442838875,0.0295486495833279,-0.320407606342299
"3","Ba",0.33401891056801,-0.246573801985846,0.0559086858040636,0.248684716759438,-0.119633763404414,0.216053305819654,-0.302029495843926,-0.403904972578458,0.588400045740578,0.279298100926418,-0.0610903799432819,0.0154632123384593,-0.138265534598622
"4","S",-0.250028361010943,-0.162368960044754,-0.535900346305493,-0.257323616042038,-0.0602611551967597,0.16353897382581,0.0353051920721421,-0.31832273411678,-0.146401936729988,-0.0954688214355523,-0.0553303397217605,-0.00419348135557875,-0.625410615362578
"5","Ti",0.430926119365145,0.0107696015835152,0.126137002886558,0.184530742064259,0.0312202931395211,0.00205522280016029,0.0773885680900098,-0.146065300888886,-0.22275556620049,-0.518613420050143,-0.625395652693006,-0.130903650511948,-0.0953213196158555
"6","Al",0.388290219724232,0.174082483948851,-0.250346823611389,-0.177324265743442,0.00845763860227912,-0.194555412447991,0.0376867793818034,0.318722477487397,0.118621750209986,0.252171556687119,0.0186110621498713,-0.685938541482528,-0.188045865748551
"7","Si",0.402066040921739,0.138495064796808,-0.0422075040401532,-0.287950570899437,0.210173636258988,-0.146628365150879,0.19824528804826,0.157208640578494,0.0272018943996309,0.312092844387558,-0.189199567100951,0.652891461113693,-0.21111798258701
"8","K",0.367574556347643,0.029451755763936,-0.282766462446582,0.318025030621546,-0.164264498559435,-0.227640612869552,-0.0738469166967067,0.08883554759981,-0.000270706306525216,-0.431701874601233,0.581088231454719,0.227085005873175,-0.123202423030448
"9","Ca",0.155977212703496,-0.388973736215472,0.373261627082877,0.0351843474999858,0.352717860347685,-0.216307665518046,0.273840487953144,-0.340847813937221,-0.331063795823628,0.180572487565188,0.346793150841775,-0.16633249784492,-0.176923631353272
"10","Rb",-0.0509885272210014,0.39141785390002,-0.0830681803939714,0.604310626403824,-0.23615958853037,0.0678365760191462,0.0978112273205792,-0.0883177373243373,-0.39698693411595,0.460424033780056,-0.0698259218043323,0.0235956666774562,-0.139064859550666
"11","Zr",-0.107187776307665,0.490644708228667,0.209851938261896,0.0513519454102462,0.177802918974308,0.256592194701636,0.528877646278906,-0.126728863641608,0.421312027992354,-0.215725500262017,0.173562025572688,-0.0673821382792938,-0.221749960411328
"12","Sr",-0.289625452816796,0.209820558439506,0.210390641115168,0.176687580166436,0.389519596859574,-0.402134024029296,-0.522477726906792,0.0976008708675031,0.105950451297046,-0.065625278673942,-0.0919119268075277,0.00925267205024606,-0.420235556795035
"13","P",-0.0884003977576085,-0.00538809230524788,0.416400783126139,-0.215009136857988,-0.734890446860189,-0.383568932271225,0.112548680452344,-0.0254050972621921,0.0745997976168688,-0.0161872924812379,-0.0375961471264802,0.0217690579888128,-0.253616950304548
