25.29 2.26590711
25.79 2.1572839
26.29 2.04471887
26.79 1.03514582
27.29 0.461544291
27.79 -0.217434515
28.29 0.871792782
28.79 0.214474407
29.29 -1.27895406
29.79 -0.144339716
30.29 0.340648254
30.79 -0.765041763
31.29 1.13231163
31.79 1.31379969
32.29 1.44987042
32.79 0.589767004
33.29 -0.485199047
33.79 -2.1257297
34.29 -2.86998849
34.79 0.327636505
35.29 1.04404372
35.79 -0.427948617
36.29 1.00134354
36.79 0.298815746
37.29 -0.0711210055
37.79 -0.549620251
38.29 0.702758374
38.79 -0.981200857
39.29 -0.316294505
39.79 0.347775376
40.29 0.538244574
40.79 0.154837559
41.29 -0.486312723
41.79 0.888353978
42.29 1.40945819
42.79 1.57932933
43.29 0.568911299
43.79 0.816018811
44.29 1.12647249
44.79 0.778913974
45.29 1.73637149
45.79 1.53270033
46.29 0.881645486
46.79 1.21872698
47.29 -0.12061717
47.79 -0.927781855
48.29 -1.21858151
48.79 -1.0176036
49.29 -1.50914384
49.79 -1.12224797
50.29 -1.89261885
50.79 -0.79364261
51.29 -1.45597902
51.79 -0.386543363
52.29 -0.752576009
52.79 0.0269118619
53.29 -1.20371714
53.79 -2.06552676
54.29 -0.845457067
54.79 -1.75042971
55.29 -1.57313004
55.79 -1.40225646
56.29 -0.963517221
56.79 -2.00393654
57.29 -1.02651346
57.79 -0.979669193
58.29 -0.286033446
58.79 0.517525833
59.29 -2.34578337
59.79 -3.33515333
60.29 -1.22581047
60.79 0.500194991
61.29 -1.07483181
61.79 -0.0692860627
62.29 -0.254761899
62.79 -0.518942133
63.29 -0.173332455
63.79 -0.290261289
64.29 -2.39782885
64.79 -1.07214657
65.29 1.61147774
65.79 3.01093692
66.29 0.825206988
66.79 -0.661899506
67.29 -0.555934414
67.79 0.752657628
68.29 0.4152539
68.79 0.498828573
69.29 1.21565215
69.79 2.72338912
70.29 1.23232249
70.79 0.338151987
71.29 1.01214885
71.79 0.150825255
72.29 0.657664066
72.79 0.882957337
73.29 0.48497087
73.79 -0.434221231
74.29 -0.628718379
74.79 0.747536384
75.29 0.45606525
75.79 -1.60675409
76.29 -2.97978154
76.79 -2.10631026
77.29 0.239114878
77.79 0.644218137
78.29 1.27034972
78.79 0.691251707
79.29 0.506107543
79.79 0.510796812
80.29 -0.406066459
80.79 -0.142344699
81.29 0.784445032
81.79 -1.09175122
82.29 -0.919021754
82.79 -4.02409135
83.29 -4.46124312
83.79 -5.16235846
84.29 -1.8450695
84.79 0.0474418288
85.29 -1.36344512
85.79 -2.29753497
86.29 -3.79309827
86.79 -0.0737231413
87.29 1.46947226
87.79 1.28025679
88.29 -0.109305098
88.79 0.145476676
89.29 0.607565228
89.79 -1.66745982
90.29 -1.18807622
90.79 -0.234488796
91.29 0.254157735
91.79 -0.205424377
92.29 2.78499015
92.79 1.27252138
93.29 0.46955687
93.79 1.30691262
94.29 0.476137724
94.79 0.630208806
95.29 0.0363116945
95.79 0.0944405537
96.29 0.427597898
96.79 0.321444506
97.29 0.0388766662
97.79 -0.713604482
98.29 -0.91886749
98.79 -2.70730627
99.29 -0.907935765
99.79 -0.655316246
100.29 -1.98843498
100.79 -3.49434513
101.29 -3.01296245
101.79 -0.682380585
102.29 0.810085891
102.79 1.98803507
103.29 0.72481385
103.79 0.289071028
104.29 0.994833651
104.79 -0.455246351
105.29 -1.37117379
105.79 0.436007356
106.29 0.319567588
106.79 2.000271
107.29 0.542785625
107.79 -0.533495322
108.29 -1.68647794
108.79 -0.689036781
109.29 -0.0154172173
109.79 1.37986236
110.29 0.664561568
110.79 0.362796184
111.29 -0.876417931
111.79 -0.653561697
112.29 0.174720759
112.79 0.199971791
113.29 1.53534952
113.79 1.74325671
114.29 1.9146888
114.79 0.900812482
115.29 1.79861532
115.79 1.80208982
116.29 1.32317977
116.79 0.962941861
117.29 0.67129065
117.79 0.804316264
118.29 -0.484874024
118.79 0.384041173
119.29 0.85937067
119.79 0.766000201
120.29 0.0164706556
120.79 -0.55028513
121.29 -3.78144532
121.79 -5.10647743
122.29 -4.2941349
122.79 -3.86851821
123.29 -3.61194781
123.79 -2.6802384
124.29 -2.11556787
124.79 -1.4729247
125.29 -1.21428216
125.79 -0.218506331
126.29 -0.821437749
126.79 -0.545158192
127.29 -0.242133375
127.79 -0.619136324
128.29 0.0714014962
128.79 -1.69860618
129.29 -0.809407401
129.79 -2.20947253
130.29 -3.07604133
130.79 -0.780911049
131.29 -1.36954591
131.79 -1.97550778
132.29 -1.88234277
132.79 -0.895474151
133.29 0.487848045
133.79 0.0546709922
134.29 -0.388964386
134.79 -1.06432093
135.29 -1.60927468
135.79 -0.0811650249
136.29 0.230803654
136.79 1.40969809
137.29 1.05751759
137.79 -0.600603559
138.29 0.493097064
138.79 -0.416303965
139.29 0.709636604
139.79 -0.695688016
140.29 -0.665224891
140.79 -2.40412311
141.29 -1.72053658
141.79 -1.89934909
142.29 -0.994921341
142.79 -1.49060818
143.29 -0.777633156
143.79 -1.42300379
144.29 -0.655004222
144.79 -0.699521361
145.29 -0.821511986
145.79 -0.47678099
146.29 -0.0733032325
146.79 -0.824737633
147.29 -0.895342879
147.79 -0.959697913
148.29 0.13401777
148.79 -1.0750828
149.29 -1.81544369
149.79 -1.32219249
150.29 -1.77320644
150.79 -0.141722199
151.29 1.3881271
151.79 -0.197310637
152.29 0.59083888
152.79 0.369008694
153.29 1.35110844
153.79 0.287631071
154.29 0.453946527
154.79 0.4934669
155.29 0.361904907
155.79 1.85186326
156.29 1.24134276
156.79 0.482985681
157.29 0.956233996
157.79 1.23015013
158.29 0.293293561
158.79 -0.542013227
159.29 -0.071106192
159.79 0.0939971854
160.29 0.311873001
160.79 1.98416163
161.29 2.01678518
161.79 4.03057617
162.29 1.16037643
162.79 1.998674
163.29 2.29125177
163.79 1.96032373
164.29 0.886322195
164.79 1.67789347
165.29 1.75270337
165.79 1.96594323
166.29 3.01870517
166.79 2.33679554
167.29 0.766484706
167.79 1.45408383
168.29 2.72201561
168.79 1.62494317
169.29 0.731198138
169.79 1.55653801
170.29 2.17555624
170.79 3.31879612
171.29 0.712615545
171.79 0.723477619
172.29 0.352574311
172.79 1.87892222
173.29 0.0359110523
173.79 0.923340298
174.29 -0.326536682
174.79 -0.566165525
175.29 0.370565167
175.79 1.97055703
176.29 1.55534278
176.79 1.71986667
177.29 0.865915246
177.79 1.8641683
178.29 0.563638175
178.79 0.263065744
179.29 0.233394716
179.79 1.82427465
180.29 -0.0968235325
180.79 0.164008459
181.29 -1.65583004
181.79 -1.22147359
182.29 -0.443262942
182.79 -1.483211
183.29 -2.94547345
183.79 -3.13085434
184.29 -2.82112035
184.79 -1.22097927
185.29 0.688085121
185.79 1.17822197
186.29 -0.0421099389
186.79 0.533142283
187.29 1.04639587
187.79 2.07361947
188.29 0.305653901
188.79 -1.8624882
189.29 -0.33251814
189.79 0.303161294
190.29 -2.09106741
190.79 -2.17224183
191.29 -3.04748639
191.79 -3.83087392
192.29 -4.3325419
192.79 -5.58870079
193.29 -4.20078896
193.79 0.0660223593
194.29 1.01957448
194.79 -0.602532402
195.29 0.349132512
195.79 2.42423082
196.29 2.31249737
196.79 0.335261482
197.29 2.05478582
197.79 0.455772488
198.29 1.40839035
198.79 0.312761377
199.29 -0.462102602
199.79 -3.41233884
200.29 -5.99593905
200.79 -8.49096451
201.29 -6.89644001
201.79 -7.17134546
202.29 -5.92680746
202.79 -4.88265603
203.29 -2.45416304
203.79 0.816213976
204.29 -0.506851623
204.79 -1.46750487
205.29 -1.53891264
205.79 -0.482247868
206.29 -0.309871369
206.79 -1.12295381
207.29 -2.19727515
207.79 -1.83491071
208.29 -1.77775339
208.79 -0.352469415
209.29 -0.108137
209.79 0.0178553547
210.29 -0.668902504
210.79 -1.13259647
211.29 -0.454043761
211.79 -2.86216929
212.29 -1.50961626
212.79 0.60352033
213.29 0.22710589
213.79 -0.939927829
214.29 -2.90755937
214.79 -2.46292145
215.29 1.22389803
215.79 0.201725393
216.29 0.884952618
216.79 -1.19313418
217.29 -0.710090053
217.79 -4.90454787
218.29 -4.02874123
218.79 -2.12224094
219.29 -0.861928166
219.79 1.60476612
220.29 0.0524543626
220.79 -0.421170627
221.29 0.951467598
221.79 0.269299707
222.29 -1.92505138
222.79 -3.65466287
223.29 -3.81541652
223.79 -6.6500611
224.29 -4.49050173
224.79 -4.1427553
225.29 -2.84602671
225.79 -1.53903054
226.29 0.825790367
226.79 1.35200397
227.29 0.894172696
227.79 0.76766138
228.29 0.051954846
228.79 -1.62536776
229.29 -2.82045173
229.79 -2.39666797
230.29 -2.72669588
230.79 -0.850752256
231.29 -0.961231029
231.79 -2.88596027
232.29 -4.24901929
232.79 -5.63427543
233.29 -6.01859189
233.79 -5.98306004
234.29 -5.95256666
234.79 -4.14265505
235.29 -3.97291672
235.79 -4.74717397
236.29 -3.90461528
236.79 -2.67821717
237.29 -1.8305295
237.79 -0.50965227
238.29 -2.56465037
238.79 -2.72868901
239.29 -3.38170038
239.79 -1.74544094
240.29 -2.32132361
240.79 -2.0916762
241.29 -0.726035865
241.79 -0.154604683
242.29 0.471682183
242.79 -0.565650213
243.29 0.407485229
243.79 -0.163724466
244.29 -0.231246236
244.79 -2.03351259
245.29 -2.72863502
245.79 -5.24820567
246.29 -4.92219404
246.79 -3.36451723
247.29 -4.69219604
247.79 -2.45807896
248.29 -1.30636553
248.79 -0.914381612
249.29 -2.04176382
249.79 0.0670054381
250.29 -0.382899637
250.79 -2.46875894
251.29 -2.37872327
251.79 -0.827690781
252.29 -0.894799714
252.79 -3.16342097
253.29 0.545452649
253.79 -0.00251060271
254.29 -1.94892197
254.79 -1.10546349
255.29 -0.967790349
255.79 -1.54305589
256.29 -0.254249189
256.79 -0.511864614
257.29 -2.32183922
257.79 -3.47554589
258.29 -3.19674666
258.79 -2.64023983
259.29 -2.84546972
259.79 -4.56566525
260.29 -5.4807654
260.79 -7.46407131
261.29 -12.5113446
261.79 -10.4129769
262.29 -10.3721259
262.79 -6.33514601
263.29 -6.15542488
263.79 -6.02938964
264.29 -4.11909324
264.79 -4.0683707
265.29 -0.885033097
265.79 -0.476167893
266.29 -1.00084328
266.79 -0.530872918
267.29 -1.38802924
267.79 -2.48268311
268.29 -2.82449221
268.79 -2.5456302
269.29 -2.95660733
269.79 -1.5927886
270.29 -0.459385232
270.79 -1.34362653
271.29 -1.08139538
271.79 -2.05688178
272.29 -2.39048153
272.79 -2.08202202
273.29 -1.58746803
273.79 -4.41289808
274.29 -4.31062665
274.79 -5.355054
275.29 -5.4845967
275.79 -4.17146755
276.29 -3.13713831
276.79 -1.76923373
277.29 -2.17273475
277.79 -5.08628638
278.29 -5.10694859
278.79 -3.61779143
279.29 -2.66995996
279.79 -2.98900577
280.29 -3.57243899
280.79 -3.46490829
281.29 -4.13639809
281.79 -3.81385482
282.29 -3.76693005
282.79 -2.4214162
283.29 -2.65184034
283.79 -2.19808153
284.29 -2.76524561
284.79 -4.09254799
285.29 -5.347435
285.79 -6.01458462
286.29 -4.38237121
286.79 -4.68528358
287.29 -3.900181
287.79 -4.10372477
288.29 -4.75592935
288.79 -3.03572153
289.29 -4.20051525
289.79 -3.20059687
290.29 -2.62459308
290.79 -3.31405002
291.29 -1.44116073
291.79 -1.91153741
292.29 -3.05461565
292.79 -2.68457785
293.29 -1.08944698
293.79 -1.50871128
294.29 -2.2360946
294.79 -2.60976778
295.29 -5.88111578
295.79 -5.00461779
296.29 -4.04363103
296.79 -5.14013803
297.29 -2.81351059
297.79 -2.11773974
298.29 -3.92668521
298.79 -4.45873172
299.29 -3.37459297
299.79 -4.36488891
300.29 -4.39334578
300.79 -3.0424432
301.29 -3.27961327
301.79 -3.76972634
302.29 -5.39422559
302.79 -2.79604487
303.29 -2.83411687
303.79 -2.43686854
304.29 -2.93394455
304.79 -2.18750139
305.29 -2.45024424
305.79 -2.91922428
306.29 -3.06822741
306.79 -3.80034528
307.29 -4.73442449
307.79 -5.27419431
308.29 -3.7941087
308.79 -4.04176819
309.29 -6.1611378
309.79 -8.20301156
310.29 -5.73866479
310.79 -3.78652368
311.29 -4.53573892
311.79 -3.50969796
312.29 -4.14113313
312.79 -2.74480215
313.29 -3.75862564
313.79 -3.42167727
314.29 -3.70585062
314.79 -3.0486281
315.29 -3.96107661
315.79 -3.30146486
316.29 -3.77101919
316.79 -5.51043153
317.29 -5.13336492
317.79 -2.20525802
318.29 -3.64345317
318.79 -3.43011434
319.29 -4.10792311
319.79 -3.87008901
320.29 -3.37150335
320.79 -2.86809197
321.29 -1.35836136
321.79 -3.04297173
322.29 -3.98924828
322.79 -5.70657547
323.29 -8.30426754
323.79 -9.36349369
324.29 -6.9209763
324.79 -6.26333395
325.29 -11.9935919
325.79 -14.69039
326.29 -11.5227898
326.79 -8.39407637
327.29 -3.87019133
327.79 -2.54688128
328.29 -3.38316391
328.79 -3.14805263
329.29 -1.80720339
329.79 -1.74536932
330.29 -2.36091247
330.79 -2.03118854
331.29 -1.94082004
331.79 -2.87395407
332.29 -2.0831948
332.79 -1.91777888
333.29 -2.49227212
333.79 -1.76425364
334.29 -2.12188406
334.79 -2.446861
335.29 -0.36293384
335.79 -1.03417727
336.29 -1.62930878
336.79 -1.02212832
337.29 -0.597760447
337.79 -0.328117203
338.29 -0.362904757
338.79 -1.02562019
339.29 -0.86451914
339.79 -2.55778556
340.29 -1.08534231
340.79 -2.82831562
341.29 -1.24961981
341.79 -2.15441311
342.29 -1.10068828
342.79 -1.10463143
343.29 0.68113825
343.79 -0.63778054
344.29 -1.68353579
344.79 -1.41545864
345.29 -1.74799165
345.79 -1.77135426
346.29 -0.455380444
346.79 -1.5473007
347.29 -1.22760735
347.79 -0.248780562
348.29 -1.62935027
348.79 -1.73446015
349.29 -1.83693954
349.79 -2.92718432
350.29 -2.3029798
350.79 -0.682207268
351.29 -1.21673737
351.79 -0.965468926
352.29 -0.43863522
352.79 -1.00831539
353.29 -1.18484941
353.79 -0.781099269
354.29 -0.0991038641
354.79 -0.0640723359
355.29 1.23176997
355.79 -1.03509722
356.29 0.312573533
356.79 -0.675626846
357.29 -1.60645984
357.79 0.27893233
358.29 -2.1556553
358.79 -1.11255731
359.29 -0.342422656
359.79 -0.964607765
360.29 -0.575692525
360.79 -0.395400021
361.29 -0.539976096
361.79 -0.277068592
362.29 -0.598229614
362.79 -0.406861413
363.29 -0.399060612
363.79 -0.152577596
364.29 -0.111696332
364.79 -0.600846218
365.29 -0.566285581
365.79 -0.527511104
366.29 0.228879587
366.79 0.700412935
367.29 -0.233473448
367.79 -0.744211679
368.29 -0.798245949
368.79 -1.22481074
369.29 -1.27082763
369.79 -0.643497431
370.29 -0.0120704116
370.79 0.777337032
371.29 -0.297740179
371.79 -0.733726194
372.29 -0.562651351
372.79 -0.823369084
373.29 0.0701367713
373.79 -0.635613803
374.29 -0.457000806
374.79 -1.20546749
375.29 -1.11801602
375.79 -0.785110723
376.29 -1.35778505
376.79 -2.54535637
377.29 -2.292965
377.79 -2.46536617
378.29 -2.22704129
378.79 -1.98227202
379.29 -2.26248445
379.79 -1.69987594
380.29 -1.11306798
380.79 -2.73400395
381.29 -2.04908521
381.79 -1.49597209
382.29 -1.6509326
382.79 -1.37582554
383.29 -0.938572812
383.79 -0.795481723
384.29 -1.93070631
384.79 -2.30426433
385.29 -0.958326004
385.79 0.228326618
386.29 -1.07849489
386.79 -2.65062592
387.29 -2.2097792
387.79 -2.09805582
388.29 -1.87393064
388.79 -1.0259292
389.29 -2.13264388
389.79 -2.64923745
390.29 -3.50336051
390.79 -1.83708311
391.29 -3.13842717
391.79 -2.74387503
392.29 -1.64531725
392.79 -1.73000157
393.29 -0.822637323
393.79 -1.76609366
394.29 -2.46693047
394.79 -2.09253296
395.29 -2.07054841
395.79 -2.07521235
396.29 -2.03486965
396.79 -2.06949549
397.29 -1.86095492
397.79 -0.500692583
398.29 -1.09698266
398.79 -1.51005715
399.29 -0.37679871
399.79 -1.24500508
400.29 -1.72898822
400.79 -0.649634001
401.29 -2.01649424
401.79 -0.056432398
402.29 -0.637391792
402.79 -1.37310858
403.29 -1.15754862
403.79 -1.24492878
404.29 -1.53098815
404.79 -1.97386155
405.29 -0.447797993
405.79 -1.99044613
406.29 -1.30935096
406.79 -1.80017486
407.29 -2.43948143
407.79 -2.53849457
408.29 -3.60488989
408.79 -3.71486814
409.29 -4.04153418
409.79 -3.95048616
410.29 -1.78534703
410.79 -2.18866191
411.29 -2.22157014
411.79 -1.77582283
412.29 -1.7936601
412.79 -2.18628835
413.29 -2.72909074
413.79 -1.58423747
414.29 -2.52864965
414.79 -4.02017967
415.29 -1.64786837
415.79 -4.23308387
416.29 -2.93405828
416.79 -2.19881551
417.29 -2.20966919
417.79 -3.39872506
418.29 -3.01507603
418.79 -4.44230207
419.29 -3.00197003
419.79 -4.18230512
420.29 -1.58962791
420.79 -2.19325462
421.29 -2.75818001
421.79 -3.00988955
422.29 -1.19665235
422.79 -2.57090366
423.29 -2.06330878
423.79 -2.35924877
424.29 -2.5218343
424.79 -2.4025541
425.29 -2.83990585
425.79 -1.18892977
426.29 -0.895870355
426.79 -0.729027324
427.29 -0.482861515
427.79 -1.35693284
428.29 -1.7747194
428.79 -1.16344655
429.29 -2.77572277
429.79 -1.87261573
430.29 -2.50294895
430.79 -3.55190384
431.29 -4.13585089
431.79 -2.15895483
432.29 -1.99829799
432.79 -2.75571195
433.29 -2.73397579
433.79 -2.84383267
434.29 -1.42738392
434.79 -2.30597406
435.29 -1.88429775
435.79 -2.49579531
436.29 -1.3156126
436.79 -1.60481378
437.29 -0.777074015
437.79 -2.83735784
438.29 -2.6458548
438.79 -2.5642475
439.29 -3.09997811
439.79 -3.43797964
440.29 -2.74564948
440.79 -2.39726768
441.29 -1.57093217
441.79 -2.8806115
442.29 -0.403798328
442.79 -2.18133595
443.29 -1.66143815
443.79 -2.25769711
444.29 -2.02670157
444.79 -1.57651839
445.29 -1.28580052
445.79 -1.46445287
446.29 -1.58265411
446.79 -1.08497342
447.29 -0.855938342
447.79 -0.719167483
448.29 -0.812883414
448.79 -1.23517883
449.29 -2.44329557
449.79 -2.04039201
450.29 -1.47435645
450.79 -1.57706938
451.29 -0.575270395
451.79 -1.48662013
452.29 -0.829748203
452.79 0.113686965
453.29 -1.5637499
453.79 -1.05500813
454.29 -1.60524336
454.79 -0.0615322902
455.29 -0.193395655
455.79 -0.113924759
456.29 0.135843833
456.79 -0.217550788
457.29 -0.999552501
457.79 -0.230196968
458.29 0.285141791
458.79 0.0497186662
459.29 -0.46005582
459.79 0.291292812
460.29 0.199260606
460.79 0.752841312
461.29 0.709710396
461.79 1.26440643
462.29 0.138783913
462.79 0.346027514
463.29 0.949379141
463.79 0.525175127
464.29 1.73990437
464.79 1.6607171
465.29 0.796014858
465.79 1.88740586
466.29 0.425346536
466.79 1.16196163
467.29 1.3693236
467.79 0.67664241
468.29 2.23213163
468.79 0.767976115
469.29 0.741906329
469.79 0.881336053
470.29 0.143582792
470.79 1.19751919
471.29 -0.265960559
471.79 0.469985983
472.29 1.33348655
472.79 0.803806406
473.29 1.29076047
473.79 -0.187301474
474.29 0.17370442
474.79 0.428662797
475.29 2.15001645
475.79 0.834255923
476.29 0.609758175
476.79 2.1057577
477.29 1.26930822
477.79 0.879780128
478.29 0.541882678
478.79 1.79726545
479.29 0.202545888
479.79 -0.690107576
480.29 -0.145447957
480.79 -0.188209036
481.29 -0.0923191486
481.79 -0.252011477
482.29 0.849698434
482.79 -0.00742746037
483.29 0.0699278638
483.79 -0.906084873
484.29 0.084205087
484.79 -1.14537306
485.29 -1.71059334
485.79 -0.095275938
486.29 -0.158634018
486.79 -0.440813088
487.29 -0.406163212
487.79 -0.103985875
488.29 -0.28096496
488.79 0.241513867
489.29 -0.705828914
489.79 -0.708081347
490.29 -1.72696384
490.79 0.0643661827
491.29 -0.668785985
491.79 -1.18936024
492.29 -0.479873689
492.79 -1.58488262
493.29 -2.73937814
493.79 -2.11413167
494.29 -1.60796384
494.79 -0.994216707
495.29 -0.128252732
495.79 1.88186932
496.29 0.343162334
496.79 0.715842681
497.29 0.558690919
497.79 0.5485931
498.29 0.542362621
498.79 0.744047741
499.29 1.77595872
499.79 0.828863391
500.29 1.08252299
500.79 1.52052744
501.29 0.13482318
501.79 1.34485136
502.29 0.109991324
502.79 0.636041855
503.29 -0.225100832
503.79 0.0210030818
504.29 0.892061908
504.79 -0.109330293
505.29 0.583522207
505.79 -0.166772342
506.29 -0.216156152
506.79 -0.0408920835
507.29 -0.302542697
507.79 -0.103730337
508.29 0.855101145
508.79 -0.165595627
509.29 0.19573369
509.79 -0.152476195
510.29 -0.287917437
510.79 -0.304274078
511.29 0.00680319793
511.79 0.265744708
512.29 -0.404194908
512.79 -0.732933392
513.29 -0.730383333
513.79 0.127330093
514.29 -1.13265227
514.79 1.19896261
515.29 0.774544064
515.79 -0.262580802
516.29 1.40163653
516.79 0.440991373
517.29 1.77475684
517.79 0.35969648
518.29 -0.651296819
518.79 -1.33691661
519.29 -0.211839862
519.79 -1.22172407
520.29 -1.4538532
520.79 -0.977283106
521.29 -0.105703797
521.79 0.447703966
522.29 -0.398559092
522.79 -0.143684686
523.29 0.316281023
523.79 -0.50867602
524.29 -0.33799194
524.79 0.139100818
525.29 -0.570629641
525.79 -0.444453851
526.29 -1.47454198
526.79 -1.17116214
527.29 -1.29982613
527.79 -0.674096327
528.29 -2.05503511
528.79 -0.408567064
529.29 -0.207898447
529.79 -0.935975845
530.29 -2.11021752
530.79 1.23399892
531.29 -1.28306779
531.79 0.967343783
532.29 0.648389152
532.79 -1.20557402
533.29 -0.390480145
533.79 -0.375515872
534.29 0.327195362
534.79 -0.0822472851
535.29 0.443988469
535.79 -0.211917077
536.29 -0.256709689
536.79 0.0818556616
537.29 -1.32125644
537.79 -0.276886335
538.29 -0.43359976
538.79 0.286351062
539.29 -0.213536129
539.79 -1.26701068
540.29 -0.63289173
540.79 -1.01712311
541.29 -2.02008311
541.79 -2.14959887
542.29 -1.03747095
542.79 -1.62510109
543.29 -1.66365855
543.79 -1.62519298
544.29 -2.2345426
544.79 -2.59792381
545.29 -1.17126891
545.79 -2.06042701
546.29 -1.37707097
546.79 -1.39696233
547.29 -2.4271947
547.79 -2.08229494
548.29 -2.23469895
548.79 -0.550489512
549.29 -0.563643678
549.79 -1.93108498
550.29 -3.13206291
550.79 -3.09586826
551.29 -2.77825838
551.79 -2.54292274
552.29 -2.23289252
552.79 -1.03225013
553.29 -1.48177346
553.79 -0.0226866607
554.29 -0.671502552
554.79 -0.966142117
555.29 0.0243854362
555.79 -0.435850044
556.29 -1.03355559
556.79 0.398322506
557.29 -0.562269756
557.79 -0.852909907
558.29 -1.03673043
558.79 0.156841531
559.29 -0.316362434
559.79 -0.307060967
560.29 -0.604588436
560.79 -1.3282811
561.29 -0.167563429
561.79 -0.794825634
562.29 -1.99412592
562.79 -0.452003405
563.29 -0.789167769
563.79 0.186990694
564.29 1.81276789
564.79 0.0472653688
565.29 -0.455531605
565.79 -0.253268566
566.29 -0.360312222
566.79 -2.00234676
567.29 -1.81836709
567.79 -2.15321143
568.29 -0.51789538
568.79 -1.37544039
569.29 -1.59998296
569.79 -2.64696795
570.29 -1.32046531
570.79 -0.573892338
571.29 0.329666558
571.79 0.553347174
572.29 0.301111283
572.79 -0.173260028
573.29 -0.106074529
573.79 -0.777525525
574.29 -1.01718788
574.79 0.32764775
575.29 0.451594264
575.79 -0.47380356
576.29 0.553825216
576.79 1.01120011
577.29 -0.10977435
577.79 0.350282948
578.29 1.48454278
578.79 1.57051633
579.29 1.24340375
579.79 2.29414212
580.29 1.11100227
580.79 0.486294463
581.29 0.59316832
581.79 2.62263046
582.29 1.56989451
582.79 1.41113898
583.29 2.1035865
583.79 1.86917947
584.29 1.25080611
584.79 0.152612864
585.29 1.60361546
585.79 2.3460377
586.29 0.156059578
586.79 1.87799504
587.29 2.18291558
587.79 2.40043906
588.29 1.73974102
588.79 1.52804941
589.29 0.895632946
589.79 0.833434007
590.29 2.03833253
590.79 1.74045283
591.29 1.53078309
591.79 1.79347654
592.29 2.46400186
592.79 1.5363854
593.29 2.33112368
593.79 2.24770386
594.29 1.11099071
594.79 1.98354101
595.29 2.3064867
595.79 2.18517136
596.29 2.20682081
596.79 1.07534768
597.29 0.879843222
597.79 1.47993888
598.29 1.2708644
598.79 1.33033336
599.29 1.66941453
599.79 0.608473633
600.29 -0.303864896
600.79 -0.57642099
601.29 0.381027185
601.79 -0.653746768
602.29 -0.267716684
602.79 0.799759235
603.29 -0.112351325
603.79 0.13878474
604.29 0.808902041
604.79 -0.455798252
605.29 1.25604528
605.79 0.718919262
606.29 0.364269194
606.79 0.15988111
607.29 -0.469656149
607.79 -0.0186910067
608.29 0.774394267
608.79 0.860152077
609.29 0.25862833
609.79 0.342805929
610.29 -0.461591087
610.79 0.429410677
611.29 1.16282924
611.79 0.397775391
612.29 0.413924066
612.79 1.83916454
613.29 1.91241359
613.79 2.50709099
614.29 2.54819025
614.79 1.2035183
615.29 2.35223614
615.79 2.0165689
616.29 1.58779457
616.79 0.386433132
617.29 2.1786115
617.79 0.760868257
618.29 0.861986576
618.79 1.27155405
619.29 0.924727247
619.79 0.561334946
620.29 1.63986086
620.79 2.21786173
621.29 0.872666742
621.79 0.34174148
622.29 -0.873614436
622.79 1.14963548
623.29 1.93633799
623.79 2.84908669
624.29 3.30314166
624.79 1.20545953
625.29 0.520776748
625.79 2.51248312
626.29 0.881721673
626.79 1.99312322
627.29 0.763934308
627.79 0.242043834
628.29 0.358928307
628.79 1.46804668
629.29 -0.17118172
629.79 1.23529149
630.29 0.274890612
630.79 -0.110825959
631.29 0.996643197
631.79 0.97841065
632.29 -0.732709682
632.79 -0.594970163
633.29 0.00491860506
633.79 -0.335732089
634.29 -1.15601422
634.79 -3.19042653
635.29 -2.91005386
635.79 -0.871691673
636.29 0.351524848
636.79 2.64784073
637.29 1.02891794
637.79 0.107381184
638.29 0.717800339
638.79 -0.207701947
639.29 1.07881516
639.79 0.0425119396
640.29 0.27407142
640.79 1.3331159
641.29 0.707893232
641.79 -0.52849648
642.29 -0.518688847
642.79 -0.33790253
643.29 -0.0655543224
643.79 -0.186485082
644.29 0.344553782
644.79 -0.194289743
645.29 0.207534238
645.79 -0.122462811
646.29 -0.175548732
646.79 0.0454691166
647.29 1.00611137
647.79 0.688692888
648.29 -0.0271165473
648.79 -1.47768162
649.29 -0.217633285
649.79 -0.439540737
650.29 0.231628677
650.79 -1.25965505
651.29 0.0123478271
651.79 -0.39332748
652.29 -0.263680034
652.79 -0.156071755
653.29 0.464107416
653.79 0.00268644586
654.29 -0.85997934
654.79 0.187657931
655.29 -1.18144818
655.79 -0.0630620341
656.29 -0.0662313156
656.79 -0.355367856
657.29 -0.0752855957
657.79 -1.25842138
658.29 -1.11649435
658.79 -0.951925398
659.29 -0.170981881
659.79 2.22389568
660.29 0.842000394
660.79 1.12063761
661.29 0.15228822
661.79 0.872455729
662.29 0.891048375
662.79 0.0324798375
663.29 0.989566056
663.79 0.839067643
664.29 0.00549409411
664.79 0.538779874
665.29 1.16598707
665.79 1.36210496
666.29 1.4493531
666.79 1.94874442
667.29 -0.345941562
667.79 0.653402773
668.29 0.581816019
668.79 -0.285116144
669.29 -0.00955378455
669.79 1.25185048
670.29 0.00647906719
670.79 0.813008791
671.29 1.75993535
671.79 0.604654843
672.29 0.511682211
672.79 0.0295980225
673.29 0.333759948
673.79 0.780515068
674.29 0.736194796
674.79 0.79145406
675.29 -0.209465508
675.79 0.374470137
676.29 -0.476092426
676.79 0.148603895
677.29 -0.362583382
677.79 0.0795071112
678.29 -1.79337905
678.79 -0.154422255
679.29 1.43339821
679.79 -0.610493236
680.29 -0.0702247611
680.79 -0.266261725
681.29 0.299626808
681.79 0.587935471
682.29 -0.817707275
682.79 -0.247391959
683.29 -0.768547623
683.79 -0.18504028
684.29 0.0309644487
684.79 -0.343708086
685.29 0.686668314
685.79 -0.123931076
686.29 0.999932338
686.79 -0.160338221
687.29 -0.133837265
687.79 0.16719275
688.29 0.0171220566
688.79 -0.583645294
689.29 -0.530553587
689.79 0.967617657
690.29 0.277633411
690.79 0.0521045539
691.29 0.243466433
691.79 -1.07896095
692.29 0.390466703
692.79 0.216968844
693.29 1.29250894
693.79 0.828616274
694.29 0.466491657
694.79 0.88948642
695.29 -0.514888291
695.79 -0.214251832
696.29 -0.205552959
696.79 0.468164592
697.29 -0.408552368
697.79 0.305924628
698.29 -0.0485199733
698.79 -0.0563677452
699.29 -0.320413404
699.79 -1.17247226
700.29 0.038646912
700.79 -0.00448907096
701.29 0.43882741
701.79 -0.120715503
702.29 0.820830927
702.79 0.209011777
703.29 0.404511985
703.79 0.756672316
704.29 0.268313963
704.79 0.718179191
705.29 0.723947107
705.79 2.09626427
706.29 1.63178972
706.79 0.858210869
707.29 1.07146557
707.79 0.961961372
708.29 1.05292901
708.79 1.1529748
709.29 1.81655056
709.79 0.480281075
710.29 1.07080859
710.79 0.629873458
711.29 0.559447025
711.79 1.27076387
712.29 2.20595138
712.79 1.09947375
713.29 1.40686127
713.79 0.45573326
714.29 0.9994556
714.79 0.642718104
715.29 1.01377295
715.79 0.681643274
716.29 1.35220202
716.79 1.1090215
717.29 1.34655964
717.79 0.153784295
718.29 1.29169962
718.79 1.46423252
719.29 1.6874636
719.79 1.970642
720.29 2.70422069
720.79 1.39326467
721.29 1.96280519
721.79 1.2899089
722.29 -0.0541083184
722.79 0.538057447
723.29 1.73280374
723.79 0.466271275
724.29 1.57371154
724.79 1.03451237
725.29 1.03671825
725.79 2.13413044
726.29 0.776703488
726.79 1.87386698
727.29 1.43566835
727.79 0.435109038
728.29 0.753725223
728.79 0.309630378
729.29 0.483170563
729.79 -0.566026485
730.29 0.320024002
730.79 2.81801876
731.29 0.385977336
731.79 0.206415948
732.29 0.568938872
732.79 1.15686644
733.29 1.29714464
733.79 0.944611849
734.29 0.213631036
734.79 1.80346583
735.29 0.736699596
735.79 1.27996826
736.29 1.69381954
736.79 2.97923424
737.29 2.96080354
737.79 0.642876108
738.29 3.28716973
738.79 1.65373482
739.29 4.70204501
739.79 1.93436545
740.29 2.7973718
740.79 3.04411486
741.29 1.38988826
741.79 1.19991561
742.29 2.94916487
742.79 1.46336614
743.29 2.6049505
743.79 1.72197778
744.29 3.47581033
744.79 1.53417159
745.29 1.33438209
745.79 1.76717617
746.29 3.17814262
746.79 1.6794808
747.29 1.8196202
747.79 2.72483112
748.29 1.22243646
748.79 1.47161424
749.29 1.47928684
749.79 2.91034681
750.29 2.98759638
750.79 1.57577103
751.29 1.52314293
751.79 1.37017756
752.29 1.80729433
752.79 1.89660614
753.29 2.08500559
753.79 1.51809262
754.29 2.65790901
754.79 2.10022915
755.29 1.50542597
755.79 2.30670158
756.29 1.7168617
756.79 2.62248971
757.29 1.23648586
757.79 2.49181708
758.29 1.62133074
758.79 2.06636086
759.29 0.82535976
759.79 1.24609997
760.29 2.32300523
760.79 1.81320954
761.29 1.45639198
761.79 2.74600874
762.29 2.06997705
762.79 1.20884661
763.29 2.13544771
763.79 0.754922174
764.29 2.2382502
764.79 1.51696791
765.29 0.424006997
765.79 1.33121696
766.29 1.03433091
766.79 -0.267849086
767.29 1.74532108
767.79 1.09761778
768.29 1.19556671
768.79 0.991106688
769.29 1.68580246
769.79 0.357350242
770.29 0.701684382
770.79 1.42648131
771.29 -0.775434489
771.79 -0.485273946
772.29 -0.209223512
772.79 0.239540507
773.29 1.18299203
773.79 1.27941053
774.29 -0.782102373
774.79 0.0837330349
775.29 0.988810398
775.79 0.342594203
776.29 1.12416463
776.79 1.4975875
777.29 0.167599253
777.79 -0.23492574
778.29 2.274715
778.79 0.552241338
779.29 1.35631161
779.79 0.35811841
780.29 0.465860463
780.79 -0.461884456
781.29 -1.45625772
781.79 -0.942378672
782.29 -0.00689834488
782.79 -1.16243025
783.29 -0.647354917
783.79 0.503720572
784.29 1.36413252
784.79 1.19669493
785.29 2.03912294
785.79 1.11392582
786.29 0.338327787
786.79 1.05170099
787.29 0.502110516
787.79 1.44111363
788.29 1.2943214
788.79 0.652110833
789.29 0.80232412
789.79 0.810366637
790.29 1.05657358
790.79 2.7174177
791.29 0.990325692
791.79 1.46847936
792.29 1.58657009
792.79 1.08066405
793.29 3.41473481
793.79 2.64952329
794.29 1.22487938
794.79 1.59837635
795.29 1.80685409
795.79 1.48998004
796.29 1.09690236
796.79 1.51143479
797.29 1.54575223
797.79 0.336726317
798.29 1.76885152
798.79 1.74308028
799.29 1.41543108
799.79 1.24086373
800.29 1.48556436
800.79 2.48378917
801.29 2.70742931
801.79 1.55698281
802.29 1.85368731
802.79 1.91146354
803.29 1.084156
803.79 0.172135008
804.29 0.69578154
804.79 -1.50087469
805.29 0.179347159
805.79 0.333239813
806.29 -0.574251076
806.79 0.584465395
807.29 0.246406514
807.79 -0.281476087
808.29 1.17677058
808.79 -0.109271333
809.29 0.523200205
809.79 0.941630851
810.29 -0.181637787
810.79 -1.12414819
811.29 -1.04507551
811.79 -0.464565602
812.29 -1.54242938
812.79 -1.56944539
813.29 -1.70381264
813.79 -1.11725686
814.29 -1.31361378
814.79 -0.979841059
815.29 -1.82790043
815.79 -1.5250052
816.29 -1.30678215
816.79 -1.13007819
817.29 -1.56874881
817.79 -0.450541176
818.29 -1.80031052
818.79 -0.532987943
819.29 -1.98910526
819.79 -1.68555833
820.29 -0.805683531
820.79 -1.71087104
821.29 -1.71606705
821.79 -2.21404731
822.29 -1.45892154
822.79 -1.7713504
823.29 -3.48948736
823.79 -3.53737313
824.29 -2.37766266
824.79 -1.75638389
825.29 -3.04013988
825.79 -2.01717248
826.29 -1.69860969
826.79 -2.15663663
827.29 -0.85265928
827.79 -0.492113288
828.29 0.710071669
828.79 -0.251286426
829.29 -0.00791833546
829.79 -0.176372967
830.29 -1.60742538
830.79 -0.561056819
831.29 -0.401573579
831.79 -0.657848896
832.29 -0.00370964083
832.79 0.63215213
833.29 -0.619131158
833.79 0.749826639
834.29 -0.0957575474
834.79 0.0304033032
835.29 0.45211798
835.79 1.02353991
836.29 0.0952017869
836.79 2.03208372
837.29 0.748021183
837.79 0.141930954
838.29 -0.48681369
838.79 0.182941475
839.29 0.968837889
839.79 2.29107102
840.29 1.01370351
840.79 1.23752093
841.29 0.164650233
841.79 -0.200646367
842.29 0.126773493
842.79 -0.643442904
843.29 -1.20315191
843.79 0.00302697252
844.29 -0.923296874
844.79 -1.4891165
845.29 -2.02630495
845.79 -1.8288379
846.29 -1.00786621
846.79 -0.221101323
847.29 -2.33697874
847.79 -0.777825588
848.29 -1.25354072
848.79 -0.896179632
849.29 0.657060004
849.79 -1.01323187
850.29 -2.93323824
850.79 -1.30133981
851.29 -1.51906329
851.79 -1.28668013
852.29 -1.00723423
852.79 -0.930303116
853.29 -2.12004576
853.79 0.117387188
854.29 -0.750543592
854.79 -0.220351815
855.29 -2.11597414
855.79 -1.38960345
856.29 -0.887389267
856.79 -2.77916475
857.29 -2.26020326
857.79 -2.24366824
858.29 -2.07394446
858.79 -3.00204171
859.29 -1.73950194
859.79 -1.72201413
860.29 -1.88470923
860.79 -1.24725923
861.29 -1.19779243
861.79 -0.763613253
862.29 -1.83089234
862.79 -2.40701793
863.29 -1.43206017
863.79 -0.383396759
864.29 -1.12475479
864.79 -1.55006167
865.29 -0.289415988
865.79 -1.6792617
866.29 -1.51622653
866.79 -1.57392231
867.29 -1.74073437
867.79 0.335642346
868.29 0.183888183
868.79 -0.603430089
869.29 -1.03053338
869.79 0.233344834
870.29 0.547681161
870.79 0.727511294
871.29 1.36823405
871.79 1.7735728
872.29 1.25520312
872.79 1.35563897
873.29 0.277487265
873.79 2.44158068
874.29 0.615239214
874.79 0.278095561
875.29 0.50569484
875.79 1.8579274
876.29 -0.981479448
876.79 0.694607811
877.29 0.119039714
877.79 0.553663434
878.29 0.269770104
878.79 0.126241314
879.29 1.50517957
879.79 0.672235737
880.29 0.592309989
880.79 1.09301346
881.29 0.540393914
881.79 0.873128279
882.29 0.654066671
882.79 0.428095799
883.29 0.354311789
883.79 1.40737654
884.29 -0.271885643
884.79 1.5477134
885.29 0.114267219
885.79 0.431265443
886.29 0.270595402
886.79 0.252746791
887.29 1.05051505
887.79 -1.21248545
888.29 0.751562694
888.79 -0.324563871
889.29 -1.2836093
889.79 0.516310261
890.29 -0.326838461
890.79 -0.201860939
891.29 2.05889843
891.79 1.62448742
892.29 -0.0233430194
892.79 1.23041736
893.29 1.36226096
893.79 0.436785513
894.29 -0.251055184
894.79 0.732963166
895.29 1.4282641
895.79 0.458077935
896.29 0.456179678
896.79 0.299322433
897.29 1.2255121
897.79 -0.0940876643
898.29 -0.179238738
898.79 -2.86096676
899.29 -1.23147701
899.79 0.787881477
900.29 -0.685041857
900.79 -1.01197734
901.29 0.678388925
901.79 -0.255503533
902.29 -0.195754058
902.79 0.645033629
903.29 0.0280486512
903.79 -0.217482348
904.29 -1.12066787
904.79 0.430414965
905.29 -0.601369746
905.79 0.922871116
906.29 2.66238106
906.79 2.45220111
907.29 2.70059055
907.79 2.31550247
908.29 2.68820357
908.79 1.78643472
909.29 2.26159338
909.79 1.63626247
910.29 2.58499595
910.79 2.78917885
911.29 2.83805117
911.79 2.45277746
912.29 4.62121815
912.79 2.03318238
913.29 3.61778977
913.79 2.21212981
914.29 3.40483019
914.79 4.17532873
915.29 3.38874596
915.79 2.08461505
916.29 2.31641785
916.79 0.874235264
917.29 1.12717613
917.79 1.59960303
918.29 1.22317808
918.79 0.977950719
919.29 1.09847724
919.79 1.95942573
920.29 1.2471972
920.79 2.67582458
921.29 3.42712013
921.79 1.22874872
922.29 1.5652128
922.79 0.411557171
923.29 1.44940939
923.79 1.0203399
924.29 1.85433406
924.79 1.44760431
925.29 1.22304067
925.79 2.32713276
926.29 -0.296729235
926.79 0.906604916
927.29 1.08001972
927.79 0.930892637
928.29 1.8937246
928.79 0.761297117
929.29 -0.569668329
929.79 -0.0280951534
930.29 -1.86103226
930.79 -0.440066373
931.29 1.42294506
931.79 0.559454554
932.29 1.68813698
932.79 1.82158104
933.29 2.4975299
933.79 0.732520149
934.29 1.80931896
934.79 1.19795287
935.29 1.48194821
935.79 2.93489316
936.29 0.0364288296
936.79 0.689734262
937.29 0.885895532
937.79 0.0598771638
938.29 1.77854002
938.79 2.31030042
939.29 1.02401209
939.79 1.94812657
940.29 2.07433516
940.79 3.22443228
941.29 3.15436427
941.79 2.98288319
942.29 2.34816116
942.79 3.01422167
943.29 2.32964631
943.79 2.96441946
944.29 2.74721716
944.79 2.03941392
945.29 2.39125897
945.79 2.54419563
946.29 1.97945411
946.79 1.91238683
947.29 1.41161392
947.79 0.863967278
948.29 0.665085878
948.79 0.427611512
949.29 0.490217729
949.79 -2.51449843
950.29 -1.25298769
950.79 -2.55136916
951.29 -1.69550934
951.79 -2.62868109
952.29 -3.39371163
952.79 -2.38074262
953.29 -2.69330725
953.79 -1.14820479
954.29 -1.45676214
954.79 -2.42371777
955.29 -2.76727286
955.79 -2.08857044
956.29 -1.91250863
956.79 -0.964957451
957.29 -1.53038602
957.79 -2.20825617
958.29 -2.04970715
958.79 -2.97168663
959.29 -1.21442713
959.79 -0.404147776
960.29 -1.7720433
960.79 -1.3249462
961.29 -2.3668863
961.79 -0.883783366
962.29 -2.4533847
962.79 -1.00542138
963.29 -1.11022587
963.79 -1.58035603
964.29 -1.79429874
964.79 -0.879983426
965.29 -0.579346846
965.79 -0.468993732
966.29 -0.34073904
966.79 -2.65275613
967.29 -3.00999623
967.79 -0.283154414
968.29 -1.59837354
968.79 -0.139725745
969.29 -1.6352848
969.79 -1.81411458
970.29 -0.706106342
970.79 0.80272153
971.29 0.68581693
971.79 -0.0595995605
972.29 0.00216846386
972.79 -0.267627753
973.29 -0.341196869
973.79 -0.748942421
974.29 0.40362775
974.79 1.57027432
975.29 0.983267298
975.79 0.843849514
976.29 1.45216221
976.79 3.62657236
977.29 0.626744471
977.79 -0.0283828379
978.29 -0.821769999
978.79 -0.846445282
979.29 0.406830292
979.79 0.0334174169
980.29 -0.228386185
980.79 -0.0166136924
981.29 -0.656138106
981.79 0.272046583
982.29 -1.17639311
982.79 0.528317278
983.29 0.42895451
983.79 0.682692516
984.29 1.2111719
984.79 2.903527
985.29 2.62251173
985.79 3.29992893
986.29 -1.75303163
986.79 -0.00845438471
987.29 1.79770437
987.79 2.80104463
988.29 3.01489973
988.79 3.62039792
989.29 1.94720469
989.79 2.57136128
990.29 2.9599305
990.79 1.4415092
991.29 2.2750949
991.79 1.78787368
992.29 2.44307011
992.79 1.02831566
993.29 1.97979771
993.79 0.213926898
994.29 -0.97082557
994.79 1.18833447
995.29 0.00779674922
995.79 1.2783897
996.29 0.331027782
996.79 1.38522972
997.29 -1.69456292
997.79 1.23334938
998.29 2.75339918
998.79 2.57811563
999.29 1.28694588
999.79 1.93291803
1000.29 3.15854671
1000.79 3.49405805
1001.29 1.95042997
1001.79 1.80865304
1002.29 2.51046498
1002.79 0.779724263
1003.29 0.925938029
1003.79 2.1075329
1004.29 1.4714077
1004.79 1.04200805
1005.29 1.34294085
1005.79 2.46681029
1006.29 0.558507562
1006.79 1.46675851
1007.29 1.19966036
1007.79 1.61350886
1008.29 0.322169253
1008.79 0.627555855
1009.29 0.316398387
1009.79 0.303057382
1010.29 0.345435213
1010.79 -0.617863777
1011.29 1.02973617
1011.79 2.89156751
1012.29 3.55906811
1012.79 2.04299012
1013.29 2.09608328
1013.79 2.04041131
1014.29 3.30937313
1014.79 1.53440526
1015.29 2.93717443
1015.79 1.87668813
1016.29 2.95010972
1016.79 3.09033455
1017.29 2.13119258
1017.79 2.09507853
1018.29 2.24586123
1018.79 3.49899057
1019.29 2.4420083
1019.79 0.834760283
1020.29 2.53317666
1020.79 3.35805931
1021.29 2.06726181
1021.79 2.18842768
1022.29 2.14627187
1022.79 1.68870253
1023.29 3.54094668
1023.79 3.51920021
1024.29 2.81647883
1024.79 3.43971219
1025.29 2.57579109
1025.79 2.79631531
1026.29 2.30889422
1026.79 2.99724808
1027.29 2.58387802
1027.79 3.62915244
1028.29 2.92390256
1028.79 2.71901109
1029.29 3.08914366
1029.79 1.68732255
1030.29 1.07296668
1030.79 2.71158663
1031.29 2.7228357
1031.79 3.23208525
1032.29 2.95382444
1032.79 1.86643357
1033.29 2.52835037
1033.79 2.5917523
1034.29 2.59536248
1034.79 2.85716037
1035.29 2.79514931
1035.79 3.03456162
1036.29 1.55382858
1036.79 2.64586129
1037.29 2.09830234
1037.79 2.42368282
1038.29 2.35112078
1038.79 1.33252669
1039.29 2.2498283
1039.79 2.34851076
1040.29 2.41073299
1040.79 3.09085304
1041.29 1.8514577
1041.79 1.83482156
1042.29 3.40531638
1042.79 3.68358074
1043.29 2.45613229
1043.79 2.27470072
1044.29 2.06085902
1044.79 1.44671839
1045.29 2.22240694
1045.79 0.645357419
1046.29 1.56458263
1046.79 0.864321403
1047.29 1.67836704
1047.79 1.75993067
1048.29 0.991745567
1048.79 1.92780041
1049.29 1.78137597
1049.79 1.725574
1050.29 1.33710082
1050.79 2.18332301
1051.29 0.155269394
1051.79 -0.825334198
1052.29 0.942516464
1052.79 1.23300176
1053.29 0.554697234
1053.79 2.13124972
1054.29 1.4417365
1054.79 1.61672548
1055.29 1.53759927
1055.79 0.91973451
1056.29 2.12994554
1056.79 0.254618116
1057.29 0.318516416
1057.79 -0.79124803
1058.29 -1.04861896
1058.79 1.0681273
1059.29 0.603281557
1059.79 0.491142339
1060.29 0.782174845
1060.79 0.562033932
1061.29 0.469391719
1061.79 1.69723721
1062.29 1.73053384
1062.79 1.38573547
1063.29 0.825493269
1063.79 0.0546873085
1064.29 0.449282018
1064.79 -0.517197997
1065.29 0.958025418
1065.79 0.709427148
1066.29 0.907814501
1066.79 0.529252225
1067.29 1.48301867
1067.79 2.26290445
1068.29 1.02944978
1068.79 3.11716202
1069.29 3.26135796
1069.79 2.49418884
1070.29 2.79581907
1070.79 3.47188426
1071.29 4.95456007
1071.79 3.67385827
1072.29 2.7187725
1072.79 2.72424781
1073.29 3.38369925
1073.79 2.85583887
1074.29 2.19579044
1074.79 2.76949039
1075.29 2.2773475
1075.79 2.92727103
1076.29 1.83890176
1076.79 1.87908303
1077.29 0.388832226
1077.79 0.370700654
1078.29 1.27343017
1078.79 -0.516427915
1079.29 0.172779343
1079.79 0.347218419
1080.29 1.71182007
1080.79 0.867856163
1081.29 3.39659749
1081.79 2.70726353
1082.29 1.39482396
1082.79 1.87756438
1083.29 1.22139048
1083.79 1.8085451
1084.29 3.53616005
1084.79 2.99225074
1085.29 2.46383452
1085.79 3.63111279
1086.29 2.97614883
1086.79 2.17432667
1087.29 3.21143055
1087.79 3.89161987
1088.29 3.46783606
1088.79 2.7758858
1089.29 3.04149941
1089.79 2.69346522
1090.29 2.66657395
1090.79 2.45447131
1091.29 2.92672973
1091.79 2.32686319
1092.29 1.90450357
1092.79 2.45354311
1093.29 2.82731319
1093.79 1.80927587
1094.29 1.79031302
1094.79 0.511897256
1095.29 1.93422521
1095.79 1.1144409
1096.29 1.76875296
1096.79 1.74783536
1097.29 1.14208387
1097.79 2.81419571
1098.29 3.41635029
1098.79 2.78489722
1099.29 3.40145171
1099.79 3.73256022
1100.29 3.30876527
1100.79 2.76659477
1101.29 2.87268159
1101.79 3.40313583
1102.29 3.5507679
1102.79 3.26879232
1103.29 3.4135292
1103.79 3.86452255
1104.29 5.35774086
1104.79 4.67015226
1105.29 4.63687945
1105.79 -0.0418204181
1106.29 1.30537826
1106.79 4.11759697
1107.29 4.09915379
1107.79 2.9598735
1108.29 3.55906991
1108.79 2.89520148
1109.29 1.47997813
1109.79 1.9239743
1110.29 0.743026344
1110.79 1.16703201
1111.29 2.08240588
1111.79 2.80559176
1112.29 2.68278965
1112.79 2.07885531
1113.29 3.41999055
1113.79 2.15222319
1114.29 2.19212026
1114.79 2.56686093
1115.29 2.57263962
1115.79 4.10013478
1116.29 4.39386345
1116.79 3.14395915
1117.29 0.289046671
1117.79 2.3382547
1118.29 3.29292836
1118.79 3.51722718
1119.29 3.07644485
1119.79 3.92126513
1120.29 1.81145634
1120.79 2.87736546
1121.29 4.02583074
1121.79 4.01256624
1122.29 3.94262675
1122.79 4.39900587
1123.29 3.39042231
1123.79 2.49554509
1124.29 3.47949008
1124.79 4.2629317
1125.29 2.64636928
1125.79 2.05066198
1126.29 2.6857235
1126.79 4.2393963
1127.29 3.41078413
1127.79 3.57139291
1128.29 1.50834393
1128.79 1.56625558
1129.29 0.490102037
1129.79 0.979356685
1130.29 1.82064131
1130.79 1.64391927
1131.29 2.8483379
1131.79 1.69780562
1132.29 1.49523976
1132.79 0.93499075
1133.29 1.30480868
1133.79 0.242227328
1134.29 -0.544790439
1134.79 -2.33494714
1135.29 -2.04887013
1135.79 -2.98072436
1136.29 -0.155213593
1136.79 1.74007725
1137.29 0.173217011
1137.79 -0.336879381
1138.29 -3.10753828
1138.79 -2.68306945
1139.29 -5.50093348
1139.79 -5.44362134
1140.29 -2.00693341
1140.79 -0.196509485
1141.29 -0.804927661
1141.79 -0.590054933
1142.29 -1.60333298
1142.79 -2.67350462
1143.29 -1.31836935
1143.79 0.383927406
1144.29 -0.522011385
1144.79 0.0869936615
1145.29 -0.374388902
1145.79 -0.474616809
1146.29 -0.328994222
1146.79 -0.400679028
1147.29 0.132430667
1147.79 -0.0280897528
1148.29 0.527190914
1148.79 1.22677411
1149.29 0.361694935
1149.79 -0.49685041
1150.29 -0.388959348
1150.79 0.00480493351
1151.29 -0.254239131
1151.79 0.63404308
1152.29 0.972293174
1152.79 2.66107506
1153.29 1.64612545
1153.79 2.55364804
1154.29 1.90430719
1154.79 3.61891598
1155.29 3.18902475
1155.79 1.27772432
1156.29 2.96424164
1156.79 2.77442454
1157.29 2.6137516
1157.79 2.48622315
1158.29 3.226992
1158.79 3.32654008
1159.29 4.39077213
1159.79 2.89825372
1160.29 2.92718784
1160.79 4.7101809
1161.29 4.05109868
1161.79 3.92062611
1162.29 3.96700769
1162.79 3.23306679
1163.29 3.07327564
1163.79 4.32495307
1164.29 2.97354194
1164.79 2.64628811
1165.29 2.28585728
1165.79 2.78770864
1166.29 3.53929603
1166.79 2.37344785
1167.29 2.42849438
1167.79 3.537039
1168.29 4.93161891
1168.79 2.83214873
1169.29 3.73598416
1169.79 3.49095091
1170.29 4.44395588
1170.79 3.64640818
1171.29 4.75284806
1171.79 2.75802212
1172.29 2.94306072
1172.79 3.6347781
1173.29 3.64152408
1173.79 3.3451467
1174.29 -0.410179739
1174.79 -2.02954681
1175.29 1.19710373
1175.79 2.5684926
1176.29 2.71884504
1176.79 2.8889685
1177.29 3.41372086
1177.79 3.14000193
1178.29 3.72446128
1178.79 1.47137029
1179.29 1.7756125
1179.79 2.06225026
1180.29 2.08764917
1180.79 2.15694295
1181.29 2.71385467
1181.79 2.7569753
1182.29 0.991342174
1182.79 0.367322893
1183.29 -0.0635986129
1183.79 -0.546235313
1184.29 0.491469723
1184.79 0.377431491
1185.29 1.86451863
1185.79 1.434479
1186.29 -0.215240144
1186.79 0.504703963
1187.29 -0.825119158
1187.79 -0.100760207
1188.29 0.565290226
1188.79 0.19846228
1189.29 -0.0465389511
1189.79 0.0582462245
1190.29 0.54799345
1190.79 1.29769072
1191.29 1.798458
1191.79 0.221248964
1192.29 1.09286546
1192.79 1.71576203
1193.29 0.962257666
1193.79 0.149593329
1194.29 0.283492745
1194.79 3.70931289
1195.29 1.65258199
1195.79 1.53169737
1196.29 2.41774267
1196.79 1.24053931
1197.29 2.164017
1197.79 1.68164045
1198.29 1.4446996
1198.79 1.49129834
1199.29 1.48313466
1199.79 1.32992472
1200.29 2.56485149
1200.79 2.50337567
1201.29 2.29114265
1201.79 1.07162613
1202.29 2.27719396
1202.79 3.25265571
1203.29 1.35550282
1203.79 1.26974262
1204.29 0.72745659
1204.79 2.58660318
1205.29 1.52252562
1205.79 2.72720435
1206.29 2.59518641
1206.79 2.27495912
1207.29 1.87116673
1207.79 2.85057632
1208.29 3.2427767
1208.79 4.50534395
1209.29 2.59940695
1209.79 3.7835614
1210.29 2.97405798
1210.79 2.71317242
1211.29 1.79873121
1211.79 2.36644283
1212.29 3.34327208
1212.79 -0.791116705
1213.29 3.07846846
1213.79 3.30682226
1214.29 2.8640464
1214.79 2.88646671
1215.29 2.67829461
1215.79 2.40061244
1216.29 1.81046653
1216.79 1.92730387
1217.29 3.10037994
1217.79 2.06607374
1218.29 2.55679889
1218.79 1.59596291
1219.29 2.07897816
1219.79 1.14673804
1220.29 1.80002834
1220.79 1.77671012
1221.29 3.01816854
1221.79 2.11842051
1222.29 2.0448545
1222.79 0.651892133
1223.29 0.214026168
1223.79 0.18927321
1224.29 1.44260465
1224.79 1.01750532
1225.29 0.392563008
1225.79 1.01279473
1226.29 1.29639452
1226.79 0.823456492
1227.29 0.529923147
1227.79 -0.744733741
1228.29 -1.5543337
1228.79 -0.834949405
1229.29 -0.796757191
1229.79 -0.862887979
1230.29 -0.309713947
1230.79 0.287213469
1231.29 1.33300257
