421.807 1.33300257
422.507 0.492529125
423.207 -0.0636472011
423.907 -0.521828465
424.607 -0.848752523
425.307 -0.799899308
426.007 -0.830877929
426.707 -1.29535535
427.407 -1.26215952
428.107 -0.664612451
428.807 0.185158808
429.507 0.651063893
430.207 0.877222078
430.907 1.22570273
431.607 1.13686964
432.307 0.85566936
433.007 0.442181546
433.707 0.752006952
434.407 1.11218653
435.107 1.38270429
435.807 0.770295954
436.507 0.195571463
437.207 0.226930754
437.907 0.53842077
438.607 1.21540873
439.307 2.04792259
440.007 2.09564846
440.707 2.43204697
441.407 2.99804358
442.107 2.11757662
442.807 1.78782514
443.507 1.63759242
444.207 1.15458848
444.907 1.84150226
445.607 1.84085008
446.307 1.84044229
447.007 2.54202108
447.707 2.18531537
448.407 2.52510868
449.107 2.96538309
449.807 2.15074693
450.507 1.86482664
451.207 1.96077023
451.907 2.36857095
452.607 2.56343517
453.307 2.72849359
454.007 2.87191925
454.707 2.8707974
455.407 3.07029053
456.107 3.2568248
456.807 3.0885641
457.507 0.4562367
458.207 0.808891755
458.907 3.25646499
459.607 2.55801711
460.307 2.06286651
461.007 2.05856142
461.707 2.72851863
462.407 2.94336556
463.107 3.53169524
463.807 3.21911445
464.507 3.08436203
465.207 4.46466123
465.907 3.48266448
466.607 3.01750634
467.307 2.53304142
468.007 1.89477556
468.707 2.17970971
469.407 2.41707904
470.107 2.6107022
470.807 2.70433194
471.507 2.01912096
472.207 1.88605783
472.907 2.46974254
473.607 1.23031148
474.307 0.956018888
475.007 1.28203492
475.707 1.34873729
476.407 2.65116967
477.107 2.83372056
477.807 2.07668899
478.507 1.18837586
479.207 1.8521167
479.907 2.37482043
480.607 2.51422434
481.307 2.56485149
482.007 1.49498919
482.707 1.45085843
483.407 1.4881857
484.107 1.47505535
484.807 1.44854059
485.507 1.61658374
486.207 1.91157327
486.907 1.92904323
487.607 1.27847142
488.307 2.19407403
489.007 1.94140328
489.707 1.55862167
490.407 1.63554825
491.107 2.73350614
491.807 2.95923858
492.507 0.434950057
493.207 0.188653331
493.907 0.53696333
494.607 1.15856313
495.307 1.67912106
496.007 1.16614741
496.707 0.520061629
497.407 0.831628861
498.107 1.75489125
498.807 1.40435415
499.507 0.93258815
500.207 0.454446227
500.907 0.104269457
501.607 -0.00881628788
502.307 0.04379106
503.007 0.230376311
503.707 0.487155874
504.407 0.21117826
505.107 -0.346136802
505.807 -0.573848712
506.507 0.454743757
507.207 0.0480537008
507.907 0.291379146
508.607 1.41363707
509.307 1.72991623
510.007 1.27667111
510.707 0.390395837
511.407 0.474424008
512.107 -0.146238878
512.807 -0.347502554
513.507 0.0353500681
514.207 0.387430181
514.907 0.872778511
515.607 2.10725606
516.307 2.73443758
517.007 2.50152044
517.707 2.14780877
518.407 2.10371273
519.107 2.07578924
519.807 1.98887099
520.507 1.72381107
521.207 1.49034369
521.907 3.150516
522.607 3.43632093
523.307 3.20964819
524.007 3.39681217
524.707 2.98867145
525.407 2.78897371
526.107 2.66513608
526.807 2.41258734
527.507 1.40209028
528.207 -0.881962091
528.907 -1.18315762
529.607 1.12977427
530.307 3.41003775
531.007 3.62842108
531.707 3.63674598
532.407 3.30505948
533.107 2.89705221
533.807 2.77482065
534.507 4.2446924
535.207 4.24201191
535.907 3.77249667
536.607 4.30419514
537.307 3.94572836
538.007 3.55329826
538.707 3.70466848
539.407 2.94877266
540.107 4.48933053
540.807 4.02530918
541.507 3.06094826
542.207 2.41972689
542.907 2.38088357
543.607 3.00189554
544.307 3.38771538
545.007 2.89648179
545.707 2.5390641
546.407 2.33625503
547.107 2.57955453
547.807 2.82128279
548.507 3.3488531
549.207 4.28462124
549.907 3.31109435
550.607 3.16944119
551.307 3.53527775
552.007 3.9563575
552.707 3.92483023
553.407 4.02630889
554.107 4.44774771
554.807 3.97600729
555.507 2.92070037
556.207 2.9108223
556.907 4.0105727
557.607 3.85396786
558.307 3.29726123
559.007 3.13531269
559.707 2.4935575
560.407 2.6038894
561.107 2.74399406
561.807 2.89724737
562.507 2.22535125
563.207 1.6351375
563.907 2.9730478
564.607 3.44678384
565.307 3.06302176
566.007 1.94395116
566.707 2.42241284
567.407 2.06836228
568.107 1.90462199
568.807 2.60596921
569.507 1.67083477
570.207 0.889005462
570.907 0.651040572
571.607 -0.0452315519
572.307 -0.112374912
573.007 -0.108205415
573.707 -0.383840412
574.407 -0.473766167
575.107 0.132340679
575.807 0.927748018
576.507 0.89330612
577.207 0.392202302
577.907 -0.0204266438
578.607 0.0821877756
579.307 -0.0829278424
580.007 -0.390404206
580.707 -0.334649357
581.407 -0.42844765
582.107 -0.431571561
582.807 -0.295919101
583.507 0.0517319155
584.207 -0.338633199
584.907 -0.0798637839
585.607 -0.11674811
586.307 -1.47395319
587.007 -2.56304009
587.707 -1.92557355
588.407 -1.12033711
589.107 -0.644728105
589.807 -0.78436341
590.507 -0.287984945
591.207 -1.48869956
591.907 -3.79553011
592.607 -5.45814042
593.307 -5.49634851
594.007 -3.77890546
594.707 -2.82068671
595.407 -2.9345585
596.107 -0.846871493
596.807 -0.0370560573
597.507 0.745991476
598.207 1.4684189
598.907 -0.00569620427
599.607 -2.12993167
600.307 -2.53654051
601.007 -2.12339986
601.707 -2.2296438
602.407 -0.75539711
603.107 -0.0154062908
603.807 0.698578056
604.507 1.24330212
605.207 0.970804697
605.907 1.29355012
606.607 1.57510604
607.307 1.90084073
608.007 2.8483379
608.707 1.85646373
609.407 1.75826883
610.107 1.45206097
610.807 0.887866066
611.507 0.545387812
612.207 1.13535447
612.907 1.54748001
613.607 1.64012459
614.307 3.23058085
615.007 3.46746958
615.707 3.79131785
616.407 3.84407289
617.107 2.66477153
617.807 2.15903425
618.507 2.43611964
619.207 3.38876304
619.907 4.06358933
620.607 3.44985934
621.307 2.73463453
622.007 2.89270012
622.707 3.49966199
623.407 4.15886693
624.107 4.21437977
624.807 3.94560149
625.507 3.99187526
626.207 4.0176996
626.907 3.92796935
627.607 3.14057885
628.307 2.40430484
629.007 2.06480812
629.707 3.59365507
630.407 3.37461671
631.107 3.27410509
631.807 3.46811754
632.507 3.30284473
633.207 2.60110538
633.907 1.25337986
634.607 1.24921903
635.307 3.28605353
636.007 4.20703565
636.707 4.22864107
637.407 3.71316934
638.107 2.69483923
638.807 2.5691082
639.507 2.44536606
640.207 2.18957177
640.907 2.15881412
641.607 2.97254325
642.307 2.81858461
643.007 2.21108514
643.707 2.65608939
644.407 2.76600673
645.107 2.52571882
645.807 1.99546535
646.507 1.29594383
647.207 0.864397966
647.907 1.37224183
648.607 1.7965474
649.307 1.48575008
650.007 2.45223657
650.707 3.15211856
651.407 3.50582161
652.107 3.07738699
652.807 3.56908864
653.507 4.10366407
654.207 4.11590125
654.907 2.70445707
655.607 1.18104003
656.307 0.336022939
657.007 1.76883643
657.707 4.64003964
658.407 4.66546646
659.107 5.16091862
659.807 4.54278626
660.507 3.71830576
661.207 3.40469263
661.907 3.29804441
662.607 3.41957505
663.307 3.50976782
664.007 3.38604342
664.707 2.9734679
665.407 2.80883639
666.107 2.98984145
666.807 3.40378656
667.507 3.72977194
668.207 3.48579725
668.907 3.09045837
669.607 2.97061871
670.307 3.34182621
671.007 2.82015764
671.707 1.27139385
672.407 1.59692885
673.107 1.75802223
673.807 1.64103234
674.507 1.16293376
675.207 1.68737905
675.907 1.27170763
676.607 0.791803023
677.307 1.73379359
678.007 1.80344729
678.707 2.24649611
679.407 2.7622739
680.107 2.47412516
680.807 2.03368934
681.507 2.13580676
682.207 2.49902489
682.907 2.91893146
683.607 2.59532878
684.307 2.54556381
685.007 2.67104639
685.707 2.69086101
686.407 2.9162071
687.107 2.94564289
687.807 2.81937982
688.507 3.28067999
689.207 3.64273097
689.907 3.81429308
690.607 3.31310095
691.307 2.60226848
692.007 2.43428585
692.707 3.01704001
693.407 3.5105543
694.107 2.94501256
694.807 2.657
695.507 3.07021107
696.207 3.49325165
696.907 2.3562797
697.607 1.55637764
698.307 1.33298949
699.007 1.82741546
699.707 1.54018246
700.407 1.99252733
701.107 2.83616898
701.807 3.31870275
702.507 2.00019941
703.207 1.03224565
703.907 1.54596282
704.607 1.14936687
705.307 0.343577951
706.007 0.237397644
706.707 -0.00793145958
707.407 -0.469601393
708.107 0.734484013
708.807 0.852940526
709.507 0.374670514
710.207 0.38803062
710.907 1.39870352
711.607 1.86353288
712.307 1.93358989
713.007 2.69544838
713.707 2.61075827
714.407 2.36392391
715.107 2.68800671
715.807 2.50808276
716.507 2.24160994
717.207 2.67503761
717.907 3.08254101
718.607 3.27639407
719.307 2.80099139
720.007 2.7210338
720.707 2.99288212
721.407 3.66144215
722.107 4.55370041
722.807 4.38076453
723.507 3.41306659
724.207 2.93982096
724.907 2.657631
725.607 2.57690968
726.307 3.04388219
727.007 3.20975099
727.707 3.04989129
728.407 1.42611511
729.107 1.69255702
729.807 2.08920262
730.507 1.59291167
731.207 1.0012738
731.907 0.589101118
732.607 0.841475969
733.307 0.80833163
734.007 0.755915024
734.707 0.929933813
735.407 0.0734941161
736.107 -0.203855003
736.807 0.425711994
737.507 0.141246189
738.207 0.430069811
738.907 0.924049517
739.607 1.29297665
740.307 1.5428436
741.007 1.72846677
741.707 1.70891338
742.407 1.42023527
743.107 0.732641792
743.807 0.502522047
744.507 0.556205448
745.207 0.681484306
745.907 0.736471184
746.607 0.552605883
747.307 0.540910792
748.007 0.652660775
748.707 0.950638816
749.407 0.287692157
750.107 -1.00076209
750.807 -0.892059387
751.507 -0.510107704
752.207 0.22973526
752.907 0.283151319
753.607 0.571861005
754.307 1.665802
755.007 1.70877538
755.707 0.977214308
756.407 1.28202794
757.107 1.55522283
757.807 1.60557588
758.507 1.53002639
759.207 1.53262688
759.907 1.97140802
760.607 1.49346258
761.307 0.582986116
762.007 1.02303539
762.707 1.13174689
763.407 0.915028018
764.107 -0.28759148
764.807 -0.445840608
765.507 0.331710059
766.207 1.75134759
766.907 1.7712128
767.607 1.41293014
768.307 1.69678319
769.007 1.76457338
769.707 1.85117162
770.407 1.68962646
771.107 1.0164982
771.807 1.6139755
772.507 1.71198938
773.207 1.36622134
773.907 1.01400224
774.607 1.48508812
775.307 0.701339466
776.007 1.85133646
776.707 1.75456101
777.407 1.73152611
778.107 2.13731166
778.807 2.32990775
779.507 2.84117871
780.207 3.58340557
780.907 2.7406062
781.607 1.84226029
782.307 2.40564447
783.007 2.78674222
783.707 2.38205028
784.407 2.29780316
785.107 1.67047991
785.807 2.21407358
786.507 2.37872115
787.207 2.32329929
787.907 1.89930802
788.607 2.96994781
789.307 2.80991943
790.007 2.70165242
790.707 2.5919186
791.407 2.36417416
792.107 2.63485645
792.807 3.22262776
793.507 2.72262679
794.207 2.68115512
794.907 1.08510441
795.607 1.81582282
796.307 2.99352608
797.007 2.80608996
797.707 3.34117541
798.407 2.836486
799.107 2.96624533
799.807 2.35519501
800.507 2.72574756
801.207 3.06902801
801.907 2.96709356
802.607 3.44451485
803.307 3.54041138
804.007 1.73064639
804.707 2.15679385
805.407 2.14480797
806.107 2.63124103
806.807 2.93419653
807.507 1.49630561
808.207 2.05359003
808.907 3.4197169
809.607 2.23335286
810.307 2.09950852
811.007 2.18809083
811.707 3.08299971
812.407 2.81573205
813.107 2.04788092
813.807 2.69627334
814.507 1.99293863
815.207 2.77006436
815.907 2.07335056
816.607 2.05436068
817.307 3.52975221
818.007 2.50774382
818.707 0.563338647
819.407 -0.271076141
820.107 0.326301184
820.807 0.31095081
821.507 0.529937826
822.207 0.427222244
822.907 1.08319873
823.607 1.39720404
824.307 1.32868235
825.007 1.00005725
825.707 1.58626106
826.407 1.94561584
827.107 1.23535142
827.807 1.17266823
828.507 1.66497151
829.207 1.74799046
829.907 0.881447269
830.607 1.30636394
831.307 2.29030895
832.007 1.85969273
832.707 2.56528323
833.407 3.38040358
834.107 2.88950627
834.807 1.85367878
835.507 1.35728198
836.207 2.52955023
836.907 2.72513471
837.607 1.60834847
838.307 -0.912392063
839.007 0.632290724
839.707 0.519162282
840.407 1.15555738
841.107 0.165713302
841.807 1.0416105
842.507 -0.702472822
843.207 0.0666790913
843.907 1.76032519
844.607 1.1208014
845.307 2.40824539
846.007 1.88076853
846.707 2.07387254
847.407 2.00778865
848.107 1.62776888
848.807 2.93876331
849.507 2.58597672
850.207 2.04784994
850.907 3.14144636
851.607 3.26391086
852.307 2.9130509
853.007 2.41041082
853.707 1.19812904
854.407 -0.539304318
855.107 -0.260270743
855.807 3.12651013
856.507 2.67724996
857.207 2.63033253
857.907 1.12586023
858.607 0.641731952
859.307 0.444086576
860.007 0.377024231
860.707 -1.11459736
861.407 0.142335566
862.107 -0.633290483
862.807 -0.0426252043
863.507 -0.194237871
864.207 -0.0551650301
864.907 0.19378842
865.607 0.19367901
866.307 -0.750662111
867.007 -0.829200001
867.707 -0.425076418
868.407 0.193541538
869.107 1.28524328
869.807 3.35984471
870.507 1.41711539
871.207 0.846438701
871.907 0.993268728
872.607 1.53180728
873.307 0.678132825
874.007 -0.328627759
874.707 -0.508372545
875.407 -0.296448644
876.107 -0.0874868944
876.807 -0.0397610225
877.507 0.379264398
878.207 0.744665786
878.907 0.0274161312
879.607 -1.34019749
880.307 -1.70860501
881.007 -0.847445655
881.707 -0.67294255
882.407 -1.4098588
883.107 -0.386910589
883.807 -2.18891386
884.507 -2.82689467
885.207 -1.75261081
885.907 -0.382122554
886.607 -0.497244129
887.307 -0.636267372
888.007 -0.992139438
888.707 -1.78264427
889.407 -1.58840316
890.107 -1.18603436
890.807 -1.03733505
891.507 -1.7719902
892.207 -1.87061193
892.907 -1.26345772
893.607 -2.16961231
894.307 -1.37979011
895.007 -1.70315648
895.707 -0.555042726
896.407 -0.922726563
897.107 -1.89160571
897.807 -2.83953624
898.507 -2.12244109
899.207 -2.1688557
899.907 -1.76357335
900.607 -1.21483119
901.307 -1.35512558
902.007 -1.95725115
902.707 -2.1981324
903.407 -2.72027319
904.107 -2.42912481
904.807 -1.75941925
905.507 -1.32334125
906.207 -1.54375102
906.907 -2.6324236
907.607 -2.54426476
908.307 -3.28041091
909.007 -2.57378863
909.707 -1.80529425
910.407 -2.3149495
911.107 -1.78694707
911.807 -1.82304918
912.507 -1.63075838
913.207 0.482852292
913.907 0.431294231
914.607 0.609209557
915.307 0.791440008
916.007 1.1870788
916.707 1.69846442
917.407 1.94744066
918.107 2.24439458
918.807 2.47581109
919.507 2.23851625
920.207 2.31498531
920.907 2.81358453
921.607 2.85240067
922.307 2.32964631
923.007 2.90769547
923.707 2.53882098
924.407 2.69457376
925.107 3.03847916
925.807 3.15894594
926.507 3.21424201
927.207 2.40355046
927.907 1.99802676
928.607 1.46512274
929.307 1.61055957
930.007 2.10326837
930.707 1.23908942
931.407 0.23643859
932.107 0.868486219
932.807 0.696845108
933.507 0.141774331
934.207 2.10520775
934.907 2.07947182
935.607 1.35361414
936.307 1.37776643
937.007 1.67942767
937.707 0.770188624
938.407 2.21292208
939.107 1.98833887
939.807 1.72378561
940.507 0.929271863
941.207 1.01659659
941.907 0.765411613
942.607 -0.690825059
943.307 -1.86103226
944.007 -0.313316971
944.707 -0.414643007
945.407 0.174850347
946.107 1.17526227
946.807 1.74896315
947.507 0.963435908
948.207 1.05597298
948.907 0.956244904
949.607 0.198141935
950.307 0.920086765
951.007 1.95312156
951.707 1.26753706
952.407 1.4510294
953.107 1.75072501
953.807 1.41326094
954.507 1.18739095
955.207 1.13228788
955.907 0.615143458
956.607 1.5652128
957.307 1.28110562
958.007 2.79783631
958.707 3.01708513
959.407 2.21264855
960.107 1.29376908
960.807 1.85584345
961.507 1.34492375
962.207 1.02751725
962.907 1.09167491
963.607 1.34433148
964.307 1.53188851
965.007 1.16444536
965.707 0.946175215
966.407 1.63774369
967.107 2.23845727
967.807 2.23287414
968.507 3.19381271
969.207 3.88357481
969.907 3.81801003
970.607 3.00080294
971.307 2.51258963
972.007 3.47715586
972.707 2.0906244
973.407 4.20389738
974.107 2.98773578
974.807 2.73512805
975.507 2.80690645
976.207 2.70148767
976.907 2.42720659
977.607 1.72813982
978.307 2.03647425
979.007 2.0651652
979.707 2.01728755
980.407 2.61956083
981.107 2.34967904
981.807 2.68663111
982.507 2.49758286
983.207 2.5881999
983.907 1.84378815
984.607 0.47456498
985.307 -0.479983309
986.007 0.369721747
986.707 -0.755707203
987.407 -0.575923888
988.107 -0.103617347
988.807 0.226626952
989.507 0.524520727
990.207 -0.129425252
990.907 -0.238509939
991.607 0.238910121
992.307 0.050777688
993.007 -0.928281856
993.707 -0.420957118
994.407 0.669095684
995.107 -0.993905423
995.807 -2.35397282
996.507 -1.5826764
997.207 -0.157054897
997.907 -0.0164641488
998.607 1.07026507
999.307 0.58749396
1000.007 0.374091053
1000.707 0.456651666
1001.407 0.466247924
1002.107 1.18112194
1002.807 1.06924738
1003.507 0.39962695
1004.207 -0.104029235
1004.907 0.518921459
1005.607 1.32871248
1006.307 1.25974989
1007.007 0.559985494
1007.707 0.467581061
1008.407 1.67777517
1009.107 1.93900968
1009.807 -0.0591362314
1010.507 -0.297431985
1011.207 0.181695147
1011.907 -0.318402435
1012.607 -0.940731581
1013.307 0.00288606949
1014.007 0.231882875
1014.707 -0.955218025
1015.407 0.712256028
1016.107 0.611073107
1016.807 0.256722163
1017.507 0.26808037
1018.207 0.3586006
1018.907 0.338030671
1019.607 0.282907946
1020.307 1.46339304
1021.007 0.156255308
1021.707 0.740938352
1022.407 0.919017762
1023.107 0.379306122
1023.807 0.476397073
1024.507 0.674585634
1025.207 0.866948927
1025.907 0.550357928
1026.607 1.08688176
1027.307 0.631031057
1028.007 0.662697273
1028.707 1.40165655
1029.407 0.397330093
1030.107 0.219112884
1030.807 0.406751204
1031.507 0.406434649
1032.207 0.238920523
1032.907 0.596014443
1033.607 -0.784292712
1034.307 0.974483938
1035.007 1.21336321
1035.707 0.44639992
1036.407 0.297927541
1037.107 0.575575255
1037.807 1.93707863
1038.507 1.16747068
1039.207 0.777480118
1039.907 1.32161633
1040.607 1.37214404
1041.307 1.70813954
1042.007 1.26480309
1042.707 0.698481573
1043.407 0.503556931
1044.107 0.222701649
1044.807 -0.708577035
1045.507 -0.824624635
1046.207 -0.431048825
1046.907 0.149080428
1047.607 0.299193309
1048.307 -1.02646078
1049.007 -1.65232798
1049.707 -1.55521673
1050.407 -1.52714574
1051.107 -1.65892937
1051.807 -0.582210151
1052.507 -1.10868452
1053.207 -1.36740356
1053.907 -0.995751961
1054.607 -0.424220439
1055.307 -1.18531584
1056.007 -2.03537562
1056.707 -2.10589629
1057.407 -1.37002183
1058.107 -0.891313011
1058.807 -1.20321048
1059.507 -1.24113683
1060.207 -1.62144238
1060.907 -1.83253773
1061.607 -1.7241593
1062.307 -1.80827843
1063.007 -2.95455318
1063.707 -2.22360014
1064.407 -2.19198621
1065.107 -2.25242207
1065.807 -2.44336614
1066.507 -2.44532202
1067.207 -0.887389267
1067.907 -1.33408549
1068.607 -2.02569664
1069.307 -0.404609655
1070.007 -0.737492717
1070.707 0.0582638379
1071.407 -1.59359095
1072.107 -1.42019715
1072.807 -0.961980634
1073.507 -1.07298621
1074.207 -1.30034973
1074.907 -1.49172409
1075.607 -1.36148297
1076.307 -2.26212001
1077.007 -2.12744371
1077.707 -0.70088729
1078.407 0.468317022
1079.107 -0.361656942
1079.807 -1.08296036
1080.507 -1.04811828
1081.207 -1.23640004
1081.907 -2.08805199
1082.607 -0.3455647
1083.307 -0.82274506
1084.007 -1.51589325
1084.707 -1.93204734
1085.407 -1.78801902
1086.107 -1.2974451
1086.807 -0.735171722
1087.507 -0.0358387915
1088.207 -0.973977922
1088.907 -0.858063257
1089.607 -0.28625505
1090.307 0.0213925167
1091.007 -0.148287188
1091.707 0.13583239
1092.407 0.932381369
1093.107 1.11902935
1093.807 1.48797363
1094.507 1.95257934
1095.207 0.838314742
1095.907 0.194890777
1096.607 -0.277180323
1097.307 -0.227129403
1098.007 0.248888053
1098.707 0.748021183
1099.407 1.77998878
1100.107 0.893627562
1100.807 0.451172932
1101.507 0.901398472
1102.207 0.414690802
1102.907 0.0456904602
1103.607 -0.0754141102
1104.307 0.559369414
1105.007 -0.374824843
1105.707 0.376440286
1106.407 0.220712161
1107.107 -0.319337749
1107.807 -0.571035632
1108.507 -0.435663122
1109.207 -0.653922029
1109.907 -1.56949452
1110.607 -0.467002376
1111.307 -0.077359078
1112.007 -0.10357915
1112.707 -0.00517875368
1113.407 0.475901211
1114.107 -0.550315712
1114.807 -1.05702744
1115.507 -2.10045199
1116.207 -1.71644921
1116.907 -2.01377448
1117.607 -2.9610304
1118.307 -1.99951949
1119.007 -2.1583878
1119.707 -2.93723345
1120.407 -3.52115183
1121.107 -3.14055456
1121.807 -1.76128325
1122.507 -1.51828302
1123.207 -1.92449442
1123.907 -1.98310896
1124.607 -1.7143069
1125.307 -1.51738721
1126.007 -0.879877249
1126.707 -1.61136461
1127.407 -1.89770391
1128.107 -1.2427799
1128.807 -1.02639887
1129.507 -1.37664751
1130.207 -0.689558058
1130.907 -1.53081262
1131.607 -1.15679382
1132.307 -1.26520475
1133.007 -1.42910449
1133.707 -1.62320702
1134.407 -1.771102
1135.107 -1.08560366
1135.807 -1.24329899
1136.507 -1.18600533
1137.207 -1.36916713
1137.907 -1.679878
1138.607 -1.57383846
1139.307 -1.54678571
1140.007 -0.773104108
1140.707 -0.80634081
1141.407 -1.07991632
1142.107 -0.884331654
1142.807 -0.145443575
1143.507 0.72820981
1144.207 0.695686616
1144.907 0.286473088
1145.607 0.11767724
1146.307 1.17677058
1147.007 0.0324066037
1147.707 0.000802188061
1148.407 0.338216189
1149.107 0.574707783
1149.807 -0.279083301
1150.507 -0.116507874
1151.207 0.287977268
1151.907 -0.0286010896
1152.607 -1.48423883
1153.307 0.525906792
1154.007 0.247540109
1154.707 0.892023578
1155.407 1.63569436
1156.107 1.88392354
1156.807 1.76822149
1157.507 1.79415178
1158.207 2.64971573
1158.907 2.27041862
1159.607 1.46326174
1160.307 1.2433767
1161.007 1.4019312
1161.707 1.67416513
1162.407 1.75822804
1163.107 1.2453302
1163.807 0.510020031
1164.507 1.45037352
1165.207 1.52176815
1165.907 1.313841
1166.607 1.19930826
1167.307 1.50861969
1168.007 1.76957479
1168.707 1.65969333
1169.407 1.40064266
1170.107 1.69299896
1170.807 2.71609669
1171.507 3.25174476
1172.207 2.27804235
1172.907 1.17526848
1173.607 1.52940271
1174.307 1.51089404
1175.007 1.2467356
1175.707 1.54619497
1176.407 2.47936338
1177.107 1.18759573
1177.807 0.876079213
1178.507 0.805631605
1179.207 0.736137505
1179.907 0.815517744
1180.607 1.29905137
1181.307 1.41322311
1182.007 0.889188466
1182.707 0.712850919
1183.407 0.899217468
1184.107 0.402137127
1184.807 1.0312433
1185.507 1.70605198
1186.207 1.70697621
1186.907 1.22624274
1187.607 1.36413252
1188.307 0.655557975
1189.007 -0.24109298
1189.707 -0.902342706
1190.407 -0.712543162
1191.107 -0.278344675
1191.807 -1.00079861
1192.507 -1.37944633
1193.207 -0.830710616
1193.907 -0.0316427498
1194.607 0.430296399
1195.307 0.534270151
1196.007 1.35631161
1196.707 0.739828378
1197.407 1.39108601
1198.107 1.7738582
1198.807 -0.10100681
1199.507 0.0728874899
1200.207 0.949945281
1200.907 1.34382514
1201.607 0.935607229
1202.307 0.39994589
1203.007 0.965385061
1203.707 0.249094307
1204.407 -0.476513406
1205.107 0.29440567
1205.807 1.22986625
1206.507 0.716129421
1207.207 0.0940464882
1207.907 -0.22727416
1208.607 -0.445126814
1209.307 -0.692376034
1210.007 0.592774405
1210.707 0.998851122
1211.407 0.515301682
1212.107 0.904359979
1212.807 1.52628564
1213.507 0.997694844
1214.207 1.15671931
1214.907 1.13661906
1215.607 1.36431914
1216.307 1.28305468
1217.007 -0.225889953
1217.707 0.786916711
1218.407 1.20485504
1219.107 1.03708994
1219.807 0.490735137
1220.507 1.29607476
1221.207 1.90266412
1221.907 1.79633492
1222.607 0.92426664
1223.307 2.08757902
1224.007 1.28976749
1224.707 1.81068111
1225.407 2.41647358
1226.107 2.24391795
1226.807 1.56541957
1227.507 1.90317349
1228.207 2.32300523
1228.907 1.43614207
1229.607 0.973856305
1230.307 1.36906232
1231.007 1.98314023
1231.707 1.67161914
1232.407 2.1666621
1233.107 1.97491599
1233.807 1.54724906
1234.507 2.61486337
1235.207 1.94755852
1235.907 2.00122661
1236.607 2.13126439
1237.307 1.54085079
1238.007 1.99282384
1238.707 2.61608302
1239.407 1.56641817
1240.107 1.99359087
1240.807 1.96331319
1241.507 1.86204247
1242.207 1.76577778
1242.907 1.43173658
1243.607 1.47935659
1244.307 1.55118347
1245.007 1.98096491
1245.707 2.96924265
1246.407 2.9296592
1247.107 2.06781025
1247.807 1.47590616
1248.507 1.40821234
1249.207 1.2732167
1249.907 2.49894661
1250.607 2.07873683
1251.307 1.74122868
1252.007 2.22732495
1252.707 2.97107246
1253.407 1.84743592
1254.107 1.43621599
1254.807 1.44637172
1255.507 2.16367131
1256.207 3.36631379
1256.907 2.04480379
1257.607 2.24096952
1258.307 2.16721011
1259.007 1.78095562
1259.707 2.793919
1260.407 1.2633259
1261.107 1.35925517
1261.807 2.54039178
1262.507 2.91348618
1263.207 2.50012507
1263.907 2.33106619
1264.607 4.48370584
1265.307 2.62019147
1266.007 2.35525213
1266.707 2.83744057
1267.407 0.844969593
1268.107 2.26284984
1268.807 2.97049321
1269.507 2.40447024
1270.207 1.52404831
1270.907 1.12018336
1271.607 0.865380686
1272.307 1.76614831
1273.007 0.469991897
1273.707 0.722023294
1274.407 1.13124686
1275.107 1.24996587
1275.807 1.09002836
1276.507 0.656818572
1277.207 0.35119098
1277.907 0.272055611
1278.607 0.742898091
1279.307 2.67967738
1280.007 0.907787474
1280.707 -0.188615772
1281.407 -0.182486675
1282.107 0.455735901
1282.807 0.317877854
1283.507 0.748710683
1284.207 0.478696966
1284.907 1.02243735
1285.607 1.56988714
1286.307 1.80932795
1287.007 0.905781546
1287.707 1.73488722
1288.407 1.55314752
1289.107 1.0359397
1289.807 1.12966516
1290.507 1.57371154
1291.207 0.56169041
1291.907 1.70162756
1292.607 0.551869543
1293.307 -0.00831416588
1294.007 1.03536018
1294.707 1.72531238
1295.407 1.70124812
1296.107 1.72683015
1296.807 2.68058315
1297.507 2.11002195
1298.207 1.80419603
1298.907 1.59745989
1299.607 1.41173322
1300.307 0.965047377
1301.007 0.408740025
1301.707 1.3265297
1302.407 1.12905144
1303.107 1.27897766
1303.807 1.03256902
1304.507 0.766151825
1305.207 1.00208936
1305.907 0.720071557
1306.607 0.833478786
1307.307 0.82921244
1308.007 0.651811957
1308.707 1.32257021
1309.407 1.43615909
1310.107 1.93749459
1310.807 1.11871989
1311.507 0.565537496
1312.207 0.625584394
1312.907 0.967059147
1313.607 0.731814609
1314.307 0.968761809
1315.007 1.71427903
1315.707 1.15931722
1316.407 1.06066588
1317.107 0.975060712
1317.807 1.04839669
1318.507 0.925526116
1319.207 1.26775261
1319.907 1.79176947
1320.607 1.89956548
1321.307 0.832207683
1322.007 0.719819668
1322.707 0.480015247
1323.407 0.436520055
1324.107 0.706196002
1324.807 0.432293522
1325.507 0.267879062
1326.207 0.500645572
1326.907 0.563227423
1327.607 -0.052078239
1328.307 0.415925452
1329.007 0.0342261445
1329.707 0.0256581882
1330.407 -0.51291373
1331.107 -1.01313725
1331.807 -0.416696055
1332.507 -0.154997394
1333.207 -0.0531363097
1333.907 0.0309519104
1334.607 0.29990798
1335.307 -0.226548754
1336.007 0.0336683013
1336.707 0.270012371
1337.407 -0.206576356
1338.107 -0.213740134
1338.807 -0.444150301
1339.507 0.332141088
1340.207 0.693322599
1340.907 0.592468257
1341.607 0.947372796
1342.307 1.09967221
1343.007 0.2271746
1343.707 0.37005519
1344.407 -0.673051502
1345.107 -0.300381828
1345.807 0.159149025
1346.507 0.109489119
1347.207 0.299359299
1347.907 0.823777293
1348.607 0.166490297
1349.307 -0.546370747
1350.007 -0.509951166
1350.707 0.0244939503
1351.407 0.147358845
1352.107 -0.0095118688
1352.807 -0.142140512
1353.507 -0.0573642089
1354.207 0.95787253
1354.907 -0.0232865912
1355.607 0.666715098
1356.307 -0.221550059
1357.007 -0.103917664
1357.707 -0.0562167158
1358.407 -0.309764975
1359.107 -0.724602193
1359.807 -0.291337389
1360.507 -0.645978997
1361.207 -0.114885902
1361.907 0.490270911
1362.607 0.178668134
1363.307 -0.248863444
1364.007 -0.077331101
1364.707 -0.511784014
1365.407 0.712024758
1366.107 0.686188579
1366.807 -0.636468371
1367.507 -1.56745792
1368.207 0.0139899837
1368.907 -0.29129629
1369.607 -0.0243586599
1370.307 -0.119686735
1371.007 -0.320908956
1371.707 0.366612746
1372.407 -0.164307818
1373.107 0.524085134
1373.807 0.766929472
1374.507 0.741516899
1375.207 0.773633038
1375.907 0.491438226
1376.607 0.190624924
1377.307 0.17138749
1378.007 0.522105152
1378.707 0.595065737
1379.407 1.34403437
1380.107 1.38658765
1380.807 0.670680016
1381.507 0.00647906719
1382.207 1.03207905
1382.907 0.435647721
1383.607 -0.136103663
1384.307 -0.0645300714
1385.007 0.584122703
1385.707 0.63980129
1386.407 0.0660103805
1387.107 0.53395551
1387.807 1.84199953
1388.507 1.44234561
1389.207 1.37325772
1389.907 1.24698376
1390.607 0.964860293
1391.307 0.473363485
1392.007 0.0509027699
1392.707 0.807714034
1393.407 0.965298187
1394.107 0.35631434
1394.807 0.40121243
1395.507 0.887813091
1396.207 0.873479553
1396.907 0.321739399
1397.607 0.708171911
1398.307 1.01878023
1399.007 1.04480414
1399.707 2.14528958
1400.407 0.392518722
1401.107 -0.654239008
1401.807 -1.0379401
1402.507 -1.17469464
1403.207 -0.999376914
1403.907 -0.127592651
1404.607 -0.283058005
1405.307 -0.185138718
1406.007 -0.0647615613
1406.707 -0.441915341
1407.407 -0.896287224
1408.107 0.126032209
1408.807 -0.736727896
1409.507 -0.235613271
1410.207 0.274348042
1410.907 0.183855927
1411.607 -0.187721249
1412.307 -0.27931905
1413.007 -0.388792165
1413.707 -0.0530673162
1414.407 -0.920018852
1415.107 -0.281372925
1415.807 -0.1531403
1416.507 -0.336631156
1417.207 -0.63355667
1417.907 -1.22169955
1418.607 -0.0271165473
1419.307 0.534617314
1420.007 0.858428245
1420.707 0.745221158
1421.407 0.0436079137
1422.107 -0.119247343
1422.807 -0.148771913
1423.507 -0.0254048554
1424.207 0.162486706
1424.907 -0.152846014
1425.607 0.150570113
1426.307 0.130222425
1427.007 -0.160636132
1427.707 -0.0897252258
1428.407 -0.328029907
1429.107 -0.489537053
1429.807 -0.52550999
1430.507 0.126062779
1431.207 0.908714217
1431.907 1.26654739
1432.607 0.560517736
1433.307 0.172136241
1434.007 0.264021753
1434.707 0.970332126
1435.407 -0.099218913
1436.107 0.439121317
1436.807 0.412590761
1437.507 0.41955176
1438.207 1.34970102
1438.907 2.62850333
1439.607 0.936481104
1440.307 -0.251524847
1441.007 -1.39034161
1441.707 -2.91908809
1442.407 -3.13715572
1443.107 -1.99464418
1443.807 -0.84899167
1444.507 -0.275617261
1445.207 0.00491860506
1445.907 -0.477196364
1446.607 -0.675930391
1447.307 -0.0922562244
1448.007 0.981628158
1448.707 0.996643197
1449.407 0.147543077
1450.107 0.0770180111
1450.807 0.466560798
1451.507 1.18404278
1452.207 0.159753153
1452.907 0.706349543
1453.607 1.18707003
1454.307 0.447657777
1455.007 0.28895665
1455.707 0.3918264
1456.407 0.757149732
1457.107 1.62650099
1457.807 1.5158055
1458.507 1.159074
1459.207 2.38785011
1459.907 1.12050167
1460.607 0.847142207
1461.307 1.73920309
1462.007 3.28816146
1462.707 2.92657047
1463.407 2.25848459
1464.107 1.57505096
1464.807 0.634830779
1465.507 -0.8353459
1466.207 0.0883773802
1466.907 0.625646778
1467.607 1.23009239
1468.307 2.19985191
1469.007 1.82077513
1469.707 1.21351813
1470.407 0.602646913
1471.107 0.870409661
1471.807 1.11981732
1472.507 1.16779696
1473.207 0.894751974
1473.907 0.802663829
1474.607 1.12002988
1475.307 2.06519204
1476.007 1.08339139
1476.707 0.775927156
1477.407 1.61397237
1478.107 1.92991135
1478.807 2.19606254
1479.507 2.03321655
1480.207 1.24684662
1480.907 2.29270258
1481.607 2.52511009
1482.307 2.33641858
1483.007 1.9201444
1483.707 1.85870804
1484.407 1.08462547
1485.107 0.40861782
1485.807 0.464335076
1486.507 0.99987277
1487.207 0.797992835
1487.907 0.234328186
1488.607 -0.42219943
1489.307 0.0835100835
1490.007 0.310229198
1490.707 0.310960896
1491.407 0.732027519
1492.107 0.818388024
1492.807 0.619585346
1493.507 0.0400867119
1494.207 -0.333865534
1494.907 -0.189208087
1495.607 0.192193893
1496.307 0.328452615
1497.007 0.542111211
1497.707 0.819361827
1498.407 1.19535004
1499.107 0.229638586
1499.807 -0.0457691044
1500.507 0.765083773
1501.207 0.236242611
1501.907 -0.0404636264
1502.607 0.39786729
1503.307 0.409537482
1504.007 -0.324369563
1504.707 -0.631788288
1505.407 0.137550961
1506.107 -0.196444573
1506.807 -0.450023101
1507.507 0.0135211648
1508.207 0.880074503
1508.907 1.60696378
1509.607 1.32505549
1510.307 1.27302015
1511.007 1.44622562
1511.707 1.0516206
1512.407 1.00132422
1513.107 1.74291683
1513.807 2.19404763
1514.507 2.25674741
1515.207 2.10378675
1515.907 1.32185703
1516.607 2.16245037
1517.307 2.26073623
1518.007 1.7276171
1518.707 2.26785455
1519.407 1.68183182
1520.107 1.65483769
1520.807 1.96634494
1521.507 0.923801396
1522.207 0.957967902
1522.907 1.6114559
1523.607 2.22368405
1524.307 2.19922984
1525.007 1.72015096
1525.707 0.764386834
1526.407 1.90503889
1527.107 0.16131888
1527.807 1.50512668
1528.507 2.08691756
1529.207 1.47368866
1529.907 2.34099446
1530.607 0.745377981
1531.307 0.518971487
1532.007 1.26390034
1532.707 2.07752836
1533.407 1.33600177
1534.107 1.53956585
1534.807 0.93576971
1535.507 -0.0150025466
1536.207 0.987275885
1536.907 0.401314938
1537.607 -0.0254997253
1538.307 0.342966982
1539.007 -0.984084234
1539.707 -0.71597585
1540.407 -0.124060284
1541.107 0.0647881208
1541.807 0.482618867
1542.507 0.369584945
1543.207 -0.482146358
1543.907 -1.30208813
1544.607 -2.55099433
1545.307 -1.54197613
1546.007 -1.01098376
1546.707 -1.48545738
1547.407 -1.89928781
1548.107 -2.00135762
1548.807 -0.322856449
1549.507 -0.357200651
1550.207 -0.137975622
1550.907 1.57522755
1551.607 -0.00238404782
1552.307 -0.596964667
1553.007 -1.78664035
1553.707 -0.762014996
1554.407 -0.312869367
1555.107 -1.21145643
1555.807 -0.553493293
1556.507 -0.309463846
1557.207 -0.10011331
1557.907 -0.790854606
1558.607 -0.847512304
1559.307 -0.541997517
1560.007 0.120538155
1560.707 -0.706030595
1561.407 -0.0868381382
1562.107 -0.891852551
1562.807 -0.612027762
1563.507 -0.399617417
1564.207 -1.27634613
1564.907 -1.98556019
1565.607 -2.54729326
1566.307 -2.78415685
1567.007 -3.09654045
1567.707 -3.10906922
1568.407 -1.85955728
1569.107 -0.561943755
1569.807 -0.897695765
1570.507 -2.19011654
1571.207 -2.22887734
1571.907 -1.79553237
1572.607 -1.37974726
1573.307 -1.97892085
1574.007 -1.51571051
1574.707 -2.4873521
1575.407 -2.02384216
1576.107 -1.64804153
1576.807 -1.6308451
1577.507 -1.11050498
1578.207 -2.01137726
1578.907 -2.03618007
1579.607 -1.14177671
1580.307 -0.680646202
1581.007 -1.18819875
1581.707 -0.344467966
1582.407 0.267517008
1583.107 -0.399018514
1583.807 -0.72074363
1584.507 -0.545392272
1585.207 -0.117897895
1585.907 -0.231051785
1586.607 0.130902888
1587.307 0.173759298
1588.007 0.197662597
1588.707 -0.344852109
1589.407 -0.570343242
1590.107 -0.417639672
1590.807 0.819171798
1591.507 -0.208871332
1592.207 -0.0300302138
1592.907 -0.744662474
1593.607 -1.27800574
1594.307 -0.402399123
1595.007 -0.359508168
1595.707 -1.76120389
1596.407 -0.853145022
1597.107 -1.22205685
1597.807 -1.18366851
1598.507 -1.46707417
1599.207 -0.446797116
1599.907 -0.557041282
1600.607 0.114145197
1601.307 -0.360785998
1602.007 -0.295562117
1602.707 0.120795597
1603.407 -0.294485376
1604.107 0.182209673
1604.807 0.0846684735
1605.507 -0.666457879
1606.207 -1.33868209
1606.907 -1.23913375
1607.607 -0.308224942
1608.307 -1.22623799
1609.007 -0.483046093
1609.707 0.651416616
1610.407 1.420114
1611.107 0.686916533
1611.807 1.077468
1612.507 -0.0951592165
1613.207 0.845176311
1613.907 0.718291235
1614.607 -0.764072374
1615.307 -0.237198113
1616.007 -0.731892118
1616.707 -0.483640042
1617.407 0.215499237
1618.107 -0.0207479296
1618.807 -0.300902094
1619.507 -0.248297105
1620.207 -0.00448699387
1620.907 -0.010823327
1621.607 0.515915756
1622.307 0.163484994
1623.007 -0.249431395
1623.707 -0.104859686
1624.407 -0.184878257
1625.107 -0.170305365
1625.807 0.524165684
1626.507 0.0523230194
1627.207 0.747099246
1627.907 -0.0297321866
1628.607 0.0355081391
1629.307 0.372060134
1630.007 0.939723777
1630.707 0.551072874
1631.407 1.02635343
1632.107 1.18837407
1632.807 0.863237823
1633.507 1.6582483
1634.207 0.844351312
1634.907 0.547327178
1635.607 0.549518733
1636.307 0.602344186
1637.007 0.494470555
1637.707 1.81098838
1638.407 -0.312562632
1639.107 -1.21516567
1639.807 -1.83650385
1640.507 -2.48406916
1641.207 -1.8638857
1641.907 -0.562749359
1642.607 -1.0528541
1643.307 -0.163542544
1644.007 -1.40728033
1644.707 -0.748300393
1645.407 -0.480185832
1646.107 -0.0688385562
1646.807 -0.112138462
1647.507 -0.413809244
1648.207 -0.320886983
1648.907 -0.116749254
1649.607 -1.62899041
1650.307 -0.415003641
1651.007 -0.860466909
1651.707 0.0515029662
1652.407 0.501705321
1653.107 -0.245623784
1653.807 -0.155305643
1654.507 -0.453745855
1655.207 0.756710936
1655.907 0.574827679
1656.607 1.20990519
1657.307 0.994443767
1658.007 1.4716688
1658.707 0.418464462
1659.407 -0.0518190756
1660.107 1.12154393
1660.807 1.24929524
1661.507 -0.153728711
1662.207 0.686945557
1662.907 0.843690028
1663.607 1.27677016
1664.307 0.795387757
1665.007 0.963075555
1665.707 1.38848426
1666.407 1.69691699
1667.107 0.672586022
1667.807 0.33773777
1668.507 0.841970008
1669.207 0.726456757
1669.907 0.251154155
1670.607 -0.171504224
1671.307 0.114994315
1672.007 -0.944842774
1672.707 -0.00639750195
1673.407 -0.1618722
1674.107 -0.809374542
1674.807 -1.10461045
1675.507 -0.142122157
1676.207 -1.24397615
1676.907 -1.14232642
1677.607 -1.67105381
1678.307 -2.31168509
1679.007 -0.791971595
1679.707 -0.846212414
1680.407 -1.38233763
1681.107 -1.41760625
1681.807 -1.53518088
1682.507 -2.17236894
1683.207 -1.95571992
1683.907 -1.2215585
1684.607 -1.66406492
1685.307 -2.56603931
1686.007 -3.38003652
1686.707 -2.58628147
1687.407 -1.59431993
1688.107 -1.43201607
1688.807 -2.21625357
1689.507 -2.00066399
1690.207 -2.83943839
1690.907 -2.74825346
1691.607 -2.08923582
1692.307 -3.92168561
1693.007 -2.3160577
1693.707 -2.60981572
1694.407 -1.76278264
1695.107 -0.489496712
1695.807 -0.870426793
1696.507 -2.41536914
1697.207 -2.51427989
1697.907 -2.07781149
1698.607 -1.24552667
1699.307 -2.79656571
1700.007 -1.74484621
1700.707 -3.4770549
1701.407 -3.78985588
1702.107 -2.85515666
1702.807 -2.53492649
1703.507 -3.33472148
1704.207 -3.76448881
1704.907 -1.78049803
1705.607 -2.08027872
1706.307 -1.89270768
1707.007 -2.19188821
1707.707 -3.70304169
1708.407 -3.76857873
1709.107 -2.96771869
1709.807 -2.20501279
1710.507 -1.52340944
1711.207 -0.927417968
1711.907 -1.44108378
1712.607 -1.22146128
1713.307 -0.577609691
1714.007 -1.98162536
1714.707 -1.41237765
1715.407 -0.943303366
1716.107 -1.43924438
1716.807 -0.555103076
1717.507 -1.98515242
1718.207 -2.04159343
1718.907 -2.07117654
1719.607 -2.44690656
1720.307 -0.84709458
1721.007 -1.65823161
1721.707 -2.93501362
1722.407 -1.84537193
1723.107 -3.11832105
1723.807 -1.7626177
1724.507 -1.9925466
1725.207 -2.37146177
1725.907 -0.691027597
1726.607 -1.09682625
1727.307 -1.89384837
1728.007 -1.13756208
1728.707 -1.62751635
1729.407 -1.88683869
1730.107 -1.75603925
1730.807 -2.03603452
1731.507 -2.06732934
1732.207 -2.44855706
1732.907 -2.50686669
1733.607 -1.01561214
1734.307 -1.14840541
1735.007 -0.475380508
1735.707 0.0446080326
1736.407 -0.567262533
1737.107 -0.364228046
1737.807 0.305666084
1738.507 -0.861494675
1739.207 -1.15168535
1739.907 -0.694414701
1740.607 0.601849728
1741.307 -0.40314498
1742.007 -0.588079756
1742.707 -0.137790756
1743.407 -0.405470042
1744.107 -0.406335903
1744.807 -0.48973591
1745.507 -0.613611761
1746.207 -0.437305885
1746.907 -1.8874301
1747.607 -1.12164471
1748.307 0.249987509
1749.007 0.566822261
1749.707 -0.0800867488
1750.407 -0.965670762
1751.107 -0.810351531
1751.807 -0.989967599
1752.507 -0.763723109
1753.207 -2.69660745
1753.907 -1.77893234
1754.607 -1.1496023
1755.307 -1.25877745
1756.007 -0.621898283
1756.707 -1.74947128
1757.407 -1.57469647
1758.107 -0.509185958
1758.807 -0.832301554
1759.507 -1.73028887
1760.207 -1.82861379
1760.907 -1.47751848
1761.607 -1.21333202
1762.307 -0.795326577
1763.007 -0.328353318
1763.707 -0.780294226
1764.407 -1.56806833
1765.107 -0.426275091
1765.807 -2.03718212
1766.507 -2.43625903
1767.207 -2.05796887
1767.907 -1.99991853
1768.607 -2.31062957
1769.307 -1.78231518
1770.007 -3.2297538
1770.707 -2.59981368
1771.407 -6.69630133
1772.107 -12.5686245
1772.807 -12.1853642
1773.507 -6.87932562
1774.207 -8.61497388
1774.907 -4.67045473
1775.607 -2.03641703
1776.307 -3.09822289
1777.007 -3.95273636
1777.707 -3.43471485
1778.407 -3.05196164
1779.107 -4.92514398
1779.807 -4.47113266
1780.507 -3.47442972
1781.207 -3.1783702
1781.907 -3.54452656
1782.607 -3.58965506
1783.307 -4.12502509
1784.007 -4.23476691
1784.707 -4.29841846
1785.407 -7.85260328
1786.107 -4.89481446
1786.807 -4.33693693
1787.507 -4.44085674
1788.207 -3.02404858
1788.907 -2.42320738
1789.607 -2.92054627
1790.307 -2.7735365
1791.007 -4.72612198
1791.707 -3.47688378
1792.407 -3.65999867
1793.107 -4.10521131
1793.807 -4.26117755
1794.507 -3.28145625
1795.207 -2.67018179
1795.907 -4.63887769
1796.607 -5.23445504
1797.307 -3.20588008
1798.007 -1.96453816
1798.707 -1.11926133
1799.407 -2.90567544
1800.107 -1.74808151
1800.807 -3.12789665
1801.507 -3.46279769
1802.207 -3.20134488
1802.907 -4.32051903
1803.607 -4.54525066
1804.307 -5.35761872
1805.007 -4.95279859
1805.707 -3.0386699
1806.407 -2.40551413
1807.107 -3.03650825
1807.807 -3.92593861
1808.507 -3.47539253
1809.207 -3.07797934
1809.907 -3.20804006
1810.607 -5.10367346
1811.307 -2.61705137
1812.007 -2.30818813
1812.707 -3.99440075
1813.407 -5.43386669
1814.107 -4.32010073
1814.807 -2.41626084
1815.507 -2.1892117
1816.207 -2.01786232
1816.907 -1.2375686
1817.607 -0.648285793
1818.307 -2.94552978
1819.007 -2.78196575
1819.707 -1.82862742
1820.407 -0.654109591
1821.107 -0.550772086
1821.807 -2.78707731
1822.507 -4.74980868
1823.207 -6.14646237
1823.907 -8.29083849
1824.607 -10.4127167
1825.307 -10.3403559
1826.007 -5.39599365
1826.707 -3.35006041
1827.407 -2.89464295
1828.107 -2.94813713
1828.807 -0.422343254
1829.507 -1.53430833
1830.207 -1.02700784
1830.907 -1.74863162
1831.607 0.450838526
1832.307 -1.56026195
1833.007 -1.5367342
1833.707 -1.92180028
1834.407 0.00303292159
1835.107 -1.33082887
1835.807 -1.92335487
1836.507 -4.48174812
1837.207 -4.68464833
1837.907 -3.74276221
1838.607 -1.40722503
1839.307 -0.108031521
1840.007 -0.417247058
1840.707 0.116141658
1841.407 -0.942501
1842.107 -2.28630238
1842.807 -2.53811774
1843.507 -2.71269524
1844.207 -0.82303948
1844.907 -2.31175837
1845.607 -4.03193526
1846.307 -4.20003218
1847.007 -4.77159933
1847.707 -5.9865244
1848.407 -5.65467211
1849.107 -2.69829917
1849.807 -0.867600269
1850.507 -2.5295042
1851.207 -2.44462216
1851.907 -0.293573611
1852.607 0.811624062
1853.307 1.26179592
1854.007 -1.76308703
1854.707 -4.20236897
1855.407 -6.37368325
1856.107 -3.67162895
1856.807 -0.189722714
1857.507 0.41393095
1858.207 0.212190929
1858.907 -0.895898861
1859.607 -3.73799994
1860.307 -2.87256608
1861.007 -0.836890729
1861.707 0.242612298
1862.407 -0.971807794
1863.107 -2.61022838
1863.807 -0.115224001
1864.507 -0.362484968
1865.207 -2.23070526
1865.907 -1.03611229
1866.607 -0.314398987
1867.307 -0.0911853014
1868.007 -1.50409887
1868.707 -2.14201457
1869.407 -0.802599328
1870.107 -0.446738309
1870.807 -1.52445219
1871.507 -0.788643242
1872.207 -0.0413515526
1872.907 -4.35158431
1873.607 -6.19038865
1874.307 -6.93836309
1875.007 -7.28226329
1875.707 -3.12469081
1876.407 0.19459462
1877.107 0.867593036
1877.807 1.79494659
1878.507 1.73250818
1879.207 1.70313416
1879.907 -0.324456937
1880.607 -0.104650093
1881.307 -5.02736756
1882.007 -4.25673429
1882.707 -3.27728007
1883.407 -2.13513352
1884.107 0.0125649813
1884.807 -1.10905882
1885.507 1.7962691
1886.207 0.382298367
1886.907 0.955850378
1887.607 -0.0980002165
1888.307 -2.9080355
1889.007 -2.95865609
1889.707 -0.710678157
1890.407 -1.48100157
1891.107 0.073369342
1891.807 1.66916386
1892.507 0.259934237
1893.207 1.71553629
1893.907 1.54123397
1894.607 1.7103561
1895.307 0.484342366
1896.007 -0.422987291
1896.707 0.517658357
1897.407 1.47867988
1898.107 0.705267896
1898.807 3.12281214
1899.507 1.21979934
1900.207 2.28044395
1900.907 1.03923236
1901.607 2.84335698
1902.307 1.76620856
1903.007 0.917007953
1903.707 2.28235883
1904.407 2.06148565
1905.107 0.378764546
1905.807 0.880390344
1906.507 1.41480881
1907.207 1.30856935
1907.907 0.44954796
1908.607 -1.6698791
1909.307 -1.61554625
1910.007 -0.525857359
1910.707 -0.833535794
1911.407 -0.430669246
1912.107 -0.706566412
1912.807 -1.24875372
1913.507 -1.26400848
1914.207 -1.88538109
1914.907 -1.73436475
1915.607 -2.28974871
1916.307 -1.16298451
1917.007 -0.683160056
1917.707 -0.0439687235
1918.407 0.337980216
1919.107 -0.25582143
1919.807 0.493097064
1920.507 -0.430413715
1921.207 0.582880411
1921.907 1.26486386
1922.607 0.862985795
1923.307 0.125124264
1924.007 -0.407798464
1924.707 -1.55960624
1925.407 -1.06991737
1926.107 -0.441191959
1926.807 -0.0293508597
1927.507 0.334962026
1928.207 -0.17961743
1928.907 -1.2297759
1929.607 -1.90126345
1930.307 -1.95598234
1931.007 -1.48467867
1931.707 -1.02355942
1932.407 -1.61990867
1933.107 -2.9488657
1933.807 -2.25876541
1934.507 -1.13883449
1935.207 -1.31985446
1935.907 -1.05157004
1936.607 -0.0275755914
1937.307 -0.564660563
1938.007 -0.355653152
1938.707 -0.386575204
1939.407 -0.61545599
1940.107 -0.802452938
1940.807 -0.344198874
1941.507 -0.750984353
1942.207 -1.28611184
1942.907 -1.49363209
1943.607 -1.99346567
1944.307 -2.44746866
1945.007 -3.02082995
1945.707 -3.6487229
1946.407 -3.84827766
1947.107 -4.16597699
1947.807 -4.71049684
1948.507 -4.59059826
1949.207 -2.70882424
1949.907 -0.377829441
1950.607 0.244541789
1951.307 0.794411501
1952.007 0.718947393
1952.707 0.161598883
1953.407 -0.233756026
1954.107 0.782842129
1954.807 0.718371488
1955.507 1.02109455
1956.207 1.39823779
1956.907 1.80166361
1957.607 1.74833836
1958.307 0.910389046
1959.007 1.83628236
1959.707 1.76371568
1960.407 1.56118941
1961.107 0.400000633
1961.807 0.18004031
1962.507 -0.478742256
1963.207 -0.859703713
1963.907 0.378580835
1964.607 0.75700044
1965.307 1.09222011
1966.007 -0.206103371
1966.707 -1.0481156
1967.407 -1.16589437
1968.107 0.103304238
1968.807 1.61066943
1969.507 0.619508505
1970.207 0.424184241
1970.907 -1.32668933
1971.607 -0.379396012
1972.307 0.900582363
1973.007 0.401637924
1973.707 1.24352788
1974.407 1.38275041
1975.107 -0.329292095
1975.807 -3.48229785
1976.507 -0.807730022
1977.207 -0.87948123
1977.907 0.222191286
1978.607 0.0787457617
1979.307 0.505719372
1980.007 0.702675599
1980.707 -0.20174772
1981.407 -0.809819875
1982.107 0.511450809
1982.807 1.18283363
1983.507 -1.59122819
1984.207 -1.09272143
1984.907 -3.99714585
1985.607 -3.18572256
1986.307 -0.234061505
1987.007 -0.233988011
1987.707 0.509992937
1988.407 0.747713763
1989.107 0.710300626
1989.807 -1.72067432
1990.507 -2.15939764
1991.207 0.562963634
1991.907 -0.571050761
1992.607 0.523774551
1993.307 0.69202129
1994.007 0.882821039
1994.707 2.19964529
1995.407 0.464730106
1996.107 -0.473056918
1996.807 2.15413079
1997.507 -1.43008079
1998.207 -0.195782791
1998.907 -0.164690566
1999.607 -0.527509997
2000.307 -1.4314714
2001.007 -2.49666229
2001.707 0.0373991638
2002.407 -0.995947576
2003.107 -1.90249566
2003.807 -1.33534873
2004.507 -1.67906659
2005.207 -1.26943129
2005.907 -1.08373081
2006.607 -0.633704109
2007.307 -0.904625526
2008.007 -0.900792793
2008.707 -1.27229645
2009.407 -1.31665256
2010.107 -1.19164282
2010.807 -0.357385478
2011.507 1.10159116
2012.207 1.54084718
2012.907 1.13823952
2013.607 1.02397116
2014.307 0.586483389
2015.007 1.47783132
2015.707 -0.412580441
2016.407 -0.0606276008
2017.107 -0.494592838
2017.807 0.122328863
2018.507 -2.78439873
2019.207 1.1187306
2019.907 -0.440706025
2020.607 0.407287797
2021.307 1.15124672
