421.807 0.465615599
422.678 0.518167859
423.578 0.571132938
424.436 0.620367957
425.236 0.665174767
426.099 0.712327966
427.049 0.762827226
428.041 0.813999528
429.091 0.866446947
430.099 0.915155296
431.049 0.959607543
432.041 1.00453846
433.091 1.05046307
434.162 1.09559946
435.262 1.1401903
436.278 1.17980866
437.178 1.21366487
438.162 1.24936878
439.262 1.28768479
440.341 1.32365999
441.391 1.35716569
442.378 1.38733329
443.278 1.41373869
444.199 1.43968826
445.149 1.46533695
446.078 1.48933879
446.978 1.51158979
447.941 1.53432496
448.991 1.55787145
449.999 1.57927835
450.949 1.59839852
451.962 1.61767832
453.062 1.63734137
454.078 1.65434656
454.978 1.66849786
455.899 1.68210486
456.849 1.69522559
457.82 1.70768799
458.82 1.7195314
459.799 1.73016152
460.749 1.7395717
461.657 1.74773743
462.507 1.75465042
463.378 1.76100149
464.278 1.76678346
465.178 1.7717679
466.078 1.77594768
466.999 1.77938105
467.949 1.78201197
468.941 1.78374868
469.991 1.78442783
470.978 1.78393887
471.878 1.78250003
472.841 1.77986109
473.891 1.7756164
474.878 1.77024202
475.778 1.76409137
476.699 1.75647461
477.649 1.74710983
478.599 1.73608598
479.549 1.72325558
480.457 1.7091515
481.307 1.69417437
482.115 1.67821688
482.865 1.66179621
483.741 1.64053194
484.791 1.61193576
485.778 1.58191363
486.678 1.55200994
487.578 1.52004762
488.478 1.48665098
489.462 1.44950869
490.562 1.42025048
491.599 1.39507325
492.549 1.37734031
493.478 1.36451007
494.378 1.35303184
495.257 1.34222485
496.107 1.33259339
497.02 1.32590356
498.02 1.32251123
499.02 1.32423341
500.02 1.32868994
500.999 1.33480315
501.949 1.34733902
502.92 1.36169802
503.92 1.37645613
504.836 1.39564253
505.636 1.41864558
506.541 1.44238363
507.591 1.46771424
508.62 1.49839234
509.62 1.53444983
510.599 1.57425545
511.549 1.61742744
512.457 1.66138806
513.307 1.70480211
514.178 1.75132341
515.078 1.80137169
515.915 1.85022716
516.665 1.89415242
517.562 1.94637924
518.662 2.01379681
519.615 2.07268154
520.365 2.11874835
521.199 2.17069969
522.149 2.23263402
523.078 2.29278619
523.978 2.35050033
524.878 2.40778748
525.778 2.46573674
526.699 2.52135992
527.649 2.57746616
528.515 2.62750792
529.265 2.66863289
530.099 2.71316715
531.049 2.76289116
531.978 2.8093567
532.878 2.85191883
533.799 2.89365068
534.749 2.93500498
535.741 2.97279826
536.791 3.00837816
537.778 3.04029556
538.678 3.06665134
539.515 3.08742472
540.265 3.09915197
541.099 3.11084172
542.049 3.12240764
543.041 3.12766555
544.091 3.12482004
545.162 3.11247837
546.262 3.0851943
547.299 3.05292601
548.249 3.01786134
549.178 2.97639087
550.078 2.93336905
550.957 2.88795547
551.807 2.83850111
552.678 2.78431146
553.578 2.72757401
554.457 2.66709891
555.307 2.60661199
556.199 2.53957609
557.149 2.46629565
558.057 2.3924968
558.907 2.32130876
559.715 2.2525775
560.465 2.192673
561.257 2.12745419
562.107 2.05569163
563.02 1.97795558
564.02 1.89245377
564.999 1.80932338
565.949 1.728803
566.899 1.6484632
567.849 1.56852641
568.862 1.4847102
569.962 1.39641604
570.957 1.31717191
571.807 1.24835505
572.72 1.17796723
573.72 1.1067167
574.594 1.04299761
575.294 0.986402284
576.078 0.932095436
576.978 0.874990581
577.92 0.818414282
578.92 0.758602048
579.878 0.703144764
580.778 0.658978715
581.699 0.621298871
582.649 0.586564628
583.578 0.558480512
584.478 0.536581194
585.357 0.51972915
586.207 0.512531126
587.078 0.51329229
587.978 0.505606314
588.878 0.509208401
589.778 0.514213197
590.636 0.517856252
591.436 0.523391377
592.341 0.538136208
593.391 0.563942681
594.399 0.591868073
595.349 0.619567524
596.278 0.649467828
597.178 0.668283364
598.078 0.707184851
598.978 0.747158647
599.878 0.790859743
600.778 0.83815987
601.657 0.886723952
602.507 0.935805006
603.399 0.99027785
604.349 1.05140029
605.299 1.1155997
606.249 1.1822124
607.157 1.24746255
608.007 1.30959398
608.857 1.37289591
609.707 1.43775528
610.62 1.50757851
611.62 1.58526072
612.599 1.66200986
613.549 1.73702081
614.457 1.80750975
615.307 1.87141675
616.178 1.93686879
617.078 2.00454235
617.957 2.0695309
618.807 2.13225671
619.678 2.19532549
620.578 2.25913357
621.541 2.3253531
622.591 2.3939484
623.662 2.46513896
624.762 2.53600694
625.82 2.60078527
626.82 2.65522705
627.841 2.70682008
628.891 2.75701512
629.857 2.80279444
630.707 2.83918542
631.599 2.87591254
632.549 2.91232122
633.457 2.94292342
634.307 2.97153856
635.199 2.99817627
636.149 3.02270745
637.141 3.04528435
638.191 3.06569028
639.199 3.0811435
640.149 3.09264894
641.057 3.10167547
641.907 3.10793374
642.799 3.11221021
643.749 3.11495867
644.72 3.11586395
645.72 3.11528088
646.636 3.11315203
647.436 3.11098543
648.32 3.10741151
649.32 3.10119126
650.32 3.09362309
651.32 3.08487052
652.299 3.07520415
653.249 3.06487461
654.304 3.05167933
655.504 3.03624941
656.62 3.0206969
657.62 3.00511128
658.536 2.98967159
659.336 2.97518959
660.199 2.95925074
661.149 2.94131727
662.099 2.92220103
663.049 2.90103779
663.978 2.88222827
664.878 2.86377601
665.757 2.84565923
666.607 2.82820453
667.499 2.81003544
668.449 2.79106666
669.357 2.77353602
670.207 2.7577222
671.015 2.74318803
671.765 2.7302306
672.62 2.71647785
673.62 2.70131749
674.578 2.68769902
675.478 2.67551208
676.399 2.66329287
677.349 2.6513955
678.299 2.64011111
679.249 2.62925263
680.157 2.61910517
681.007 2.60956725
681.92 2.59949121
682.92 2.58870238
683.899 2.57831686
684.849 2.56811901
685.799 2.55757758
686.749 2.54672711
687.741 2.53483776
688.791 2.52147581
689.799 2.50801067
690.749 2.49462581
691.699 2.48033893
692.649 2.46512319
693.578 2.44933996
694.478 2.43317527
695.378 2.41598742
696.278 2.39805552
697.199 2.37906084
698.149 2.35878017
699.078 2.33818752
699.978 2.3175615
700.92 2.29523032
701.92 2.27048423
702.983 2.24304032
704.133 2.21298637
705.283 2.18248854
706.433 2.14948986
707.478 2.12024465
708.378 2.0953833
709.299 2.07017539
710.249 2.04459701
711.22 2.01784081
712.22 1.98713059
713.22 1.95844993
714.22 1.93126157
715.283 1.90166242
716.433 1.86709251
717.499 1.83602609
718.449 1.80625203
719.42 1.77831036
720.42 1.74873277
721.42 1.71463783
722.42 1.68269387
723.42 1.65042421
724.42 1.6168317
725.483 1.57838789
726.633 1.53764473
727.678 1.49955222
728.578 1.46808847
729.562 1.43442861
730.662 1.39752773
731.741 1.36274131
732.791 1.33050223
733.82 1.30083336
734.82 1.27357125
735.799 1.24888354
736.749 1.22675756
737.72 1.20541058
738.72 1.18542146
739.783 1.166613
740.933 1.14663564
742.125 1.13015445
743.375 1.11265112
744.583 1.09986651
745.733 1.08738092
746.841 1.07888722
747.891 1.06943826
748.983 1.06472664
750.133 1.06306438
751.241 1.05824917
752.291 1.05924397
753.404 1.06754009
754.604 1.07144533
755.762 1.08778721
756.862 1.1019634
757.962 1.12727926
759.062 1.15007509
760.162 1.18617883
761.262 1.21973643
762.341 1.25742797
763.391 1.30209952
764.42 1.34931351
765.42 1.39790846
766.42 1.44953897
767.42 1.50185624
768.378 1.55424087
769.278 1.6043167
770.178 1.65454775
771.078 1.70493502
771.978 1.75538228
772.878 1.80542523
773.736 1.85227371
774.536 1.89571808
775.357 1.9393997
776.207 1.98386261
777.036 2.02647107
777.836 2.06642498
778.594 2.10307382
779.294 2.1357374
779.973 2.16638449
780.623 2.1948055
781.294 2.22274739
781.994 2.25062265
782.694 2.27853039
783.394 2.30501081
784.073 2.32859707
784.723 2.34966051
785.331 2.36832696
785.881 2.38724204
786.431 2.4014794
786.981 2.41745931
787.531 2.43236466
788.081 2.44383405
788.631 2.4589838
789.181 2.46995236
789.71 2.4790175
790.21 2.49124764
790.731 2.49816597
791.281 2.50634067
791.789 2.51437788
792.239 2.5176469
792.794 2.52456535
793.494 2.52821879
794.194 2.53307323
794.894 2.53936728
795.552 2.54027282
796.152 2.53987528
796.752 2.54253056
797.352 2.53884833
797.952 2.53927954
798.552 2.53515735
799.152 2.52989218
799.752 2.52768851
800.331 2.51960848
800.881 2.51359421
801.452 2.50724792
802.052 2.49670979
802.673 2.48792174
803.323 2.47690019
803.952 2.46247616
804.552 2.44954836
805.173 2.43606787
805.823 2.41842909
806.473 2.40052897
807.123 2.38308546
807.752 2.36300877
808.352 2.34329228
808.952 2.32420181
809.552 2.30294909
810.215 2.27946411
810.965 2.25245923
811.673 2.22619999
812.323 2.20193767
812.994 2.17716024
813.694 2.15023373
814.352 2.12522688
814.952 2.10495052
815.552 2.08138853
816.152 2.06079487
816.731 2.04153522
817.281 2.02043696
817.873 2.00347832
818.523 1.98181951
819.173 1.95929658
819.823 1.94008932
820.452 1.92373938
821.052 1.9069128
821.715 1.88639217
822.465 1.86529181
823.215 1.84534221
823.965 1.82821019
824.673 1.81263035
825.323 1.79820634
826.036 1.7813995
826.836 1.76137983
827.594 1.74391037
828.294 1.72967244
828.994 1.71486786
829.694 1.69939725
830.394 1.68449347
831.094 1.67019221
831.773 1.65740372
832.423 1.64545868
833.136 1.6318516
833.936 1.61752
834.715 1.6038566
835.465 1.59094143
836.236 1.57770078
837.036 1.56426923
837.794 1.55188127
838.494 1.54042937
839.173 1.52927139
839.823 1.51856267
840.494 1.50728251
841.194 1.49508298
841.894 1.48261639
842.594 1.46991022
843.294 1.45653164
843.994 1.442238
844.673 1.42860125
845.323 1.4163567
846.12 1.39940837
847.12 1.37503085
848.015 1.35491985
848.765 1.33590559
849.536 1.31478473
850.336 1.2911247
851.136 1.26495282
851.936 1.23713983
852.715 1.20864807
853.465 1.17973578
854.194 1.15018394
854.894 1.12220214
855.615 1.0914628
856.365 1.05732524
857.094 1.02262665
857.794 0.987883463
858.494 0.951580195
859.194 0.913661375
859.936 0.87240464
860.736 0.826556721
861.473 0.782394597
862.123 0.741791187
862.836 0.695706846
863.636 0.6419538
864.499 0.579644186
865.449 0.507296326
866.378 0.435702979
867.278 0.362106242
868.136 0.288133665
868.936 0.217259251
869.715 0.146405335
870.465 0.0773406574
871.194 0.00967095937
871.894 -0.0556623185
872.657 -0.127742441
873.507 -0.206494573
874.294 -0.278179225
874.994 -0.342251304
875.673 -0.40420363
876.323 -0.463232393
877.036 -0.526485366
877.836 -0.595543819
878.573 -0.657782636
879.223 -0.711116043
879.894 -0.764161228
880.594 -0.817553689
881.378 -0.874032271
882.278 -0.933999883
883.178 -0.991422608
884.078 -1.04542454
884.915 -1.08934041
885.665 -1.12413631
886.415 -1.15467952
887.165 -1.18066391
887.915 -1.20297037
888.665 -1.22190829
889.436 -1.2368793
890.236 -1.24744434
891.057 -1.25520898
891.907 -1.26019179
892.715 -1.25871378
893.465 -1.2543622
894.215 -1.24486345
894.965 -1.23162676
895.799 -1.21263457
896.749 -1.18063029
897.678 -1.1451799
898.578 -1.11167272
899.415 -1.07632134
900.165 -1.04041379
900.957 -1.00117302
901.807 -0.955994342
902.594 -0.909011581
903.294 -0.864911872
904.12 -0.815085845
905.12 -0.754428535
906.015 -0.696253417
906.765 -0.643638275
907.494 -0.590527746
908.194 -0.538653457
908.957 -0.482435783
909.807 -0.418633296
910.636 -0.355193821
911.436 -0.292986654
912.257 -0.228352132
913.107 -0.160741139
913.957 -0.0923190014
914.807 -0.0232491032
915.594 0.0405994664
916.294 0.0969032312
917.015 0.155681485
917.765 0.215608157
918.494 0.270592206
919.194 0.32251635
919.915 0.379338735
920.665 0.435460878
921.457 0.494304178
922.307 0.557118861
923.136 0.619229521
923.936 0.681037457
924.799 0.743966182
925.749 0.808041785
926.636 0.866201648
927.436 0.917492193
928.215 0.96570932
928.965 1.01050309
929.715 1.05325229
930.465 1.09392995
931.236 1.13531656
932.036 1.17788121
932.836 1.21773049
933.636 1.25494376
934.436 1.29099603
935.236 1.32601031
936.057 1.36176131
936.907 1.39835987
937.736 1.43279274
938.536 1.46496745
939.294 1.4948126
939.994 1.52147824
940.757 1.5491997
941.607 1.57818892
942.457 1.60506981
943.307 1.6297169
944.136 1.65185259
944.936 1.67171792
945.778 1.6909582
946.678 1.70978951
947.536 1.72505841
948.336 1.7365834
949.136 1.74579636
949.936 1.75260885
950.736 1.75717253
951.536 1.75947996
952.399 1.76140373
953.349 1.76130468
954.215 1.75690663
954.965 1.75428277
955.757 1.7514249
956.607 1.74626168
957.436 1.73920427
958.236 1.73213946
959.099 1.72506931
960.049 1.71742413
960.936 1.70943268
961.736 1.70196031
962.536 1.69452996
963.336 1.68676191
964.178 1.67869504
965.078 1.67078601
965.957 1.66261566
966.807 1.65568831
967.699 1.64851397
968.649 1.63821531
969.536 1.62748758
970.336 1.61780579
971.136 1.60670331
971.936 1.59483024
972.736 1.58225193
973.536 1.56845381
974.294 1.55492934
974.994 1.53858894
975.799 1.51903204
976.749 1.49544492
977.699 1.46854915
978.649 1.44037325
979.515 1.41646219
980.265 1.39399059
981.036 1.37067954
981.836 1.34619078
982.657 1.31994937
983.507 1.29156019
984.357 1.26129424
985.207 1.22941725
986.057 1.19680555
986.907 1.16360177
987.736 1.13081982
988.536 1.09873831
989.378 1.06463103
990.278 1.02819754
991.157 0.992498375
992.007 0.957708952
992.815 0.925558534
993.565 0.89799469
994.357 0.869127563
995.207 0.837925464
996.078 0.806267935
996.978 0.77351655
997.857 0.745573781
998.707 0.72045612
999.578 0.697568942
1000.478 0.677432174
1001.399 0.65801724
1002.349 0.637732452
1003.236 0.61800832
1004.036 0.603621017
1004.836 0.59116983
1005.636 0.579635817
1006.499 0.568201466
1007.449 0.554244278
1008.315 0.54296944
1009.065 0.535723864
1009.857 0.528252566
1010.707 0.522186565
1011.536 0.519162358
1012.336 0.517204381
1013.094 0.516069256
1013.794 0.515477022
1014.599 0.513656572
1015.549 0.511205329
1016.562 0.508989927
1017.662 0.506138219
1018.657 0.501839403
1019.507 0.498130208
1020.357 0.494542282
1021.207 0.489663751
1022.036 0.483099424
1022.836 0.475945451
1023.636 0.467547088
1024.436 0.458489784
1025.194 0.450422109
1025.894 0.442680202
1026.615 0.428744424
1027.365 0.412541475
1028.094 0.393745412
1028.794 0.380082494
1029.557 0.363069737
1030.407 0.338521309
1031.236 0.312886751
1032.036 0.286685196
1032.857 0.25738185
1033.707 0.224415006
1034.578 0.187469054
1035.478 0.146569619
1036.357 0.105278208
1037.207 0.0663364718
1038.036 0.0267352841
1038.836 -0.0128107762
1039.636 -0.054705587
1040.436 -0.0988088664
1041.194 -0.140853646
1041.894 -0.180971279
1042.594 -0.221517917
1043.294 -0.26226879
1044.099 -0.308225296
1045.049 -0.361640103
1045.999 -0.416245476
1046.949 -0.471743025
1047.815 -0.521733712
1048.565 -0.56444955
1049.399 -0.611537471
1050.349 -0.664239096
1051.215 -0.711171839
1051.965 -0.751119246
1052.799 -0.793954403
1053.749 -0.839703506
1054.657 -0.883588955
1055.507 -0.923110553
1056.315 -0.958401701
1057.065 -0.98880522
1057.857 -1.01948707
1058.707 -1.0502916
1059.62 -1.08058315
1060.62 -1.11216526
1061.515 -1.13626094
1062.265 -1.15050585
1063.036 -1.16186408
1063.836 -1.17261674
1064.657 -1.18274696
1065.507 -1.19105598
1066.357 -1.19646906
1067.207 -1.19799209
1067.994 -1.19418704
1068.694 -1.19202413
1069.373 -1.18943916
1070.023 -1.18713889
1070.757 -1.17845335
1071.607 -1.16516336
1072.457 -1.14746557
1073.307 -1.12660622
1074.157 -1.10560672
1075.007 -1.08473966
1075.836 -1.06197983
1076.636 -1.03788656
1077.52 -1.00939617
1078.52 -0.97513149
1079.415 -0.942874239
1080.165 -0.915068148
1080.957 -0.8854235
1081.807 -0.853169581
1082.657 -0.820906284
1083.507 -0.789317297
1084.315 -0.760395901
1085.065 -0.735221384
1085.836 -0.71008346
1086.636 -0.684527349
1087.478 -0.6591462
1088.378 -0.633934986
1089.236 -0.612875216
1090.036 -0.596703266
1090.878 -0.580036021
1091.778 -0.561947584
1092.657 -0.546189212
1093.507 -0.532573991
1094.315 -0.522845267
1095.065 -0.517239858
1095.92 -0.512261247
1096.92 -0.509915499
1097.857 -0.514641654
1098.707 -0.52038213
1099.578 -0.529237233
1100.478 -0.536990952
1101.336 -0.546748183
1102.136 -0.560295319
1102.936 -0.577303274
1103.736 -0.595770715
1104.473 -0.615200546
1105.123 -0.630015165
1105.857 -0.644839703
1106.707 -0.665877871
1107.536 -0.688363603
1108.336 -0.711818783
1109.136 -0.735574565
1109.936 -0.759450929
1110.778 -0.78463229
1111.678 -0.811259452
1112.515 -0.835529555
1113.265 -0.856432553
1113.994 -0.875727326
1114.694 -0.894318325
1115.415 -0.912711666
1116.165 -0.930491269
1116.915 -0.946631819
1117.665 -0.96162528
1118.457 -0.976942564
1119.307 -0.992004235
1120.136 -1.00396245
1120.936 -1.01646118
1121.778 -1.02672545
1122.678 -1.03168171
1123.536 -1.03459669
1124.336 -1.03652019
1125.136 -1.03659547
1125.936 -1.03498397
1126.778 -1.02956032
1127.678 -1.01906516
1128.515 -1.00611691
1129.265 -0.991815666
1130.036 -0.973456843
1130.836 -0.950151118
1131.657 -0.925150381
1132.507 -0.89860065
1133.399 -0.866328839
1134.349 -0.832489051
1135.215 -0.795433008
1135.965 -0.756417385
1136.799 -0.714489679
1137.749 -0.660322442
1138.636 -0.610265815
1139.436 -0.564532551
1140.236 -0.514926922
1141.036 -0.460791168
1141.878 -0.40190953
1142.778 -0.337085158
1143.678 -0.270592132
1144.578 -0.203511524
1145.457 -0.136492373
1146.307 -0.0700609654
1147.199 4.76930812e-05
1148.149 0.0746935196
1149.099 0.148766466
1150.049 0.221670733
1150.957 0.291232907
1151.807 0.355330541
1152.615 0.414778781
1153.365 0.471279382
1154.115 0.526555724
1154.865 0.580095295
1155.678 0.634322475
1156.578 0.692514691
1157.373 0.745797971
1158.023 0.779444662
1158.736 0.818600713
1159.536 0.863948614
1160.315 0.906756883
1161.065 0.947054158
1161.878 0.983116281
1162.778 1.02076142
1163.678 1.05259937
1164.578 1.08076967
1165.478 1.10393149
1166.378 1.12738319
1167.257 1.14665723
1168.107 1.16129502
1168.957 1.17261334
1169.807 1.17961775
1170.72 1.18351598
1171.72 1.18652505
1172.72 1.18470993
1173.72 1.17751382
1174.636 1.1683799
1175.436 1.15958147
1176.278 1.14807347
1177.178 1.13563299
1178.036 1.12327295
1178.836 1.10899801
1179.678 1.09240403
1180.578 1.07317535
1181.478 1.05308327
1182.378 1.03196302
1183.236 1.01087768
1184.036 0.991253928
1184.899 0.969701561
1185.849 0.944785749
1186.757 0.921927025
1187.607 0.901073181
1188.457 0.880426305
1189.307 0.859855598
1190.115 0.84123565
1190.865 0.826517875
1191.699 0.810336499
1192.649 0.793558478
1193.536 0.779775249
1194.336 0.767200722
1195.157 0.757969644
1196.007 0.749444949
1196.92 0.740589133
1197.92 0.734820584
1198.857 0.732733539
1199.707 0.729824042
1200.557 0.729769593
1201.407 0.732884395
1202.236 0.737392998
1203.036 0.742980017
1203.857 0.750081404
1204.707 0.758827871
1205.473 0.769740219
1206.123 0.782157776
1206.899 0.79510311
1207.849 0.809893362
1208.736 0.82702453
1209.536 0.845453857
1210.294 0.864300118
1210.994 0.881448062
1211.757 0.901449141
1212.607 0.926098152
1213.478 0.953186507
1214.378 0.982837171
1215.257 1.01317502
1216.107 1.0435605
1216.978 1.07582062
1217.878 1.11016368
1218.799 1.1462627
1219.749 1.18452536
1220.699 1.22367355
1221.649 1.26375589
1222.515 1.30084571
1223.265 1.33334731
1224.078 1.36886991
1224.978 1.40839593
1225.815 1.44528648
1226.565 1.47791026
1227.357 1.51213441
1228.207 1.54853774
1229.057 1.58460178
1229.907 1.62042813
1230.82 1.657802
1231.82 1.69581315
1232.757 1.73038311
1233.607 1.76135159
1234.499 1.79198636
1235.449 1.82218826
1236.399 1.84951
1237.349 1.87343836
1238.152 1.89295543
1238.752 1.90859628
1239.436 1.92377058
1240.236 1.9380176
1241.12 1.95110342
1242.12 1.96255573
1243.036 1.97110433
1243.836 1.97762063
1244.72 1.98153918
1245.72 1.98201241
1246.636 1.9814894
1247.436 1.98116127
1248.278 1.97854228
1249.178 1.97408629
1250.036 1.96833338
1250.836 1.96109415
1251.678 1.95227375
1252.578 1.94163517
1253.457 1.92948514
1254.307 1.91664748
1255.199 1.9024295
1256.149 1.88584049
1257.078 1.86748559
1257.978 1.8487149
1258.836 1.83016535
1259.636 1.81204696
1260.436 1.79328422
1261.236 1.77418975
1262.057 1.7542897
1262.907 1.73343978
1263.778 1.71193084
1264.678 1.68960585
1265.599 1.66674707
1266.549 1.64333218
1267.478 1.62142389
1268.378 1.60025881
1269.194 1.5806144
1269.894 1.56368681
1270.657 1.54665737
1271.507 1.52806201
1272.336 1.51014786
1273.136 1.49373394
1273.957 1.47766913
1274.807 1.46121623
1275.699 1.44391813
1276.649 1.42574894
1277.578 1.40899993
1278.478 1.39380749
1279.357 1.3791016
1280.207 1.36489276
1281.078 1.35062682
1281.978 1.33643121
1282.794 1.32308144
1283.494 1.31262969
1284.32 1.30022585
1285.32 1.28642267
1286.257 1.27292323
1287.107 1.26055705
1287.957 1.2486678
1288.807 1.23644201
1289.657 1.2238654
1290.507 1.21125466
1291.273 1.19956657
1291.923 1.19033654
1292.615 1.18022737
1293.365 1.16874501
1294.157 1.15657989
1295.007 1.14383285
1295.878 1.13077191
1296.778 1.11731181
1297.678 1.10393595
1298.578 1.09065681
1299.394 1.07857606
1300.094 1.06799229
1300.836 1.05688373
1301.636 1.04514194
1302.478 1.03301787
1303.378 1.02040568
1304.278 1.00743545
1305.178 0.993758467
1306.099 0.980406827
1307.049 0.967058499
1307.873 0.954836937
1308.523 0.945478594
1309.194 0.936361715
1309.894 0.925105256
1310.636 0.912319574
1311.436 0.899548396
1312.257 0.885292417
1313.107 0.86909003
1313.978 0.85275383
1314.878 0.836227836
1315.715 0.819787461
1316.465 0.804971372
1317.215 0.79018225
1317.965 0.774490666
1318.757 0.755642959
1319.607 0.734896638
1320.478 0.713070805
1321.378 0.689588438
1322.257 0.665378865
1323.107 0.64115209
1323.978 0.615545726
1324.878 0.58833041
1325.778 0.560494902
1326.678 0.532127707
1327.515 0.50533004
1328.265 0.4812661
1329.078 0.455309649
1329.978 0.426378025
1330.92 0.395900128
1331.92 0.364784812
1332.857 0.335923674
1333.707 0.310136801
1334.599 0.283928572
1335.549 0.256888785
1336.457 0.231576772
1337.307 0.209077752
1338.157 0.187136152
1339.007 0.166129363
1339.836 0.146671414
1340.636 0.128852613
1341.415 0.112535279
1342.165 0.0975815793
1342.957 0.0830103553
1343.807 0.0693276442
1344.636 0.0577967116
1345.436 0.0473301135
1346.278 0.0369928342
1347.178 0.0284056265
1348.099 0.0222419997
1349.049 0.0181857188
1349.915 0.0158113593
1350.665 0.0142797351
1351.52 0.0149050092
1352.52 0.0193428985
1353.436 0.0229428247
1354.236 0.0274081021
1354.973 0.0331151935
1355.623 0.0397905446
1356.399 0.0475568949
1357.349 0.0571326277
1358.236 0.0679193878
1359.036 0.0790460994
1359.878 0.0905618024
1360.778 0.104359513
1361.636 0.11821664
1362.436 0.130992032
1363.236 0.143788954
1364.036 0.15667234
1364.857 0.169994097
1365.707 0.18383019
1366.557 0.197543696
1367.407 0.211050548
1368.236 0.224034306
1369.036 0.235914158
1369.899 0.247235385
1370.849 0.258455749
1371.715 0.268079355
1372.465 0.276368932
1373.341 0.284833142
1374.391 0.293690654
1375.357 0.301659574
1376.207 0.307337466
1377.057 0.311586252
1377.907 0.314212726
1378.799 0.31632779
1379.749 0.318035409
1380.657 0.318339596
1381.507 0.317373446
1382.357 0.315868614
1383.207 0.313999082
1384.078 0.311583404
1384.978 0.308646895
1385.878 0.305496446
1386.778 0.302257192
1387.636 0.298272918
1388.436 0.293470984
1389.32 0.289074863
1390.32 0.285115477
1391.215 0.280207535
1391.965 0.274501869
1392.736 0.268694648
1393.536 0.264201419
1394.399 0.259252071
1395.349 0.25243628
1396.257 0.245177475
1397.107 0.238277316
1397.978 0.230740067
1398.878 0.221997661
1399.757 0.212687175
1400.607 0.203147418
1401.415 0.193591366
1402.165 0.184110409
1402.999 0.172934427
1403.949 0.159636636
1404.836 0.146676953
1405.636 0.134796142
1406.436 0.122700793
1407.236 0.110598926
1408.057 0.0981804128
1408.907 0.0854301768
1409.736 0.0731643098
1410.536 0.0609860803
1411.357 0.0485981797
1412.207 0.0361086726
1413.036 0.0254283769
1413.836 0.0156848634
1414.615 0.00703157363
1415.365 -0.000593647251
1416.136 -0.010250374
1416.936 -0.0188543098
1417.757 -0.0258625192
1418.607 -0.0314065911
1419.499 -0.0350769352
1420.449 -0.0382391361
1421.399 -0.0412976645
1422.349 -0.0423736045
1423.257 -0.0415639673
1424.107 -0.0401130424
1424.999 -0.0371757839
1425.949 -0.0314974634
1426.836 -0.0243986704
1427.636 -0.0169941507
1428.436 -0.00806595599
1429.236 0.002273565
1430.057 0.0149419371
1430.907 0.0302559904
1431.841 0.0490585546
1432.891 0.071912389
1433.836 0.0955137162
1434.636 0.11665656
1435.478 0.14054988
1436.378 0.166888806
1437.236 0.193147885
1438.036 0.219186019
1438.899 0.2482928
1439.849 0.281077355
1440.778 0.314196232
1441.678 0.34715848
1442.578 0.380764053
1443.478 0.41503058
1444.357 0.448691899
1445.207 0.481419873
1446.078 0.514942869
1446.978 0.54925742
1447.857 0.582235756
1448.707 0.613484926
1449.62 0.646357349
1450.62 0.681421198
1451.557 0.712890858
1452.407 0.739300769
1453.341 0.766909337
1454.391 0.797290978
1455.42 0.823004703
1456.42 0.846050879
1457.399 0.867812035
1458.349 0.884626554
1459.278 0.899996318
1460.178 0.915262188
1461.078 0.929190469
1461.978 0.93798584
1462.857 0.946738352
1463.707 0.955558529
1464.578 0.963576158
1465.478 0.967627353
1466.399 0.974046009
1467.349 0.979024219
1468.32 0.981749378
1469.32 0.983959341
1470.299 0.98220579
1471.249 0.983128849
1472.241 0.978822671
1473.291 0.975055598
1474.341 0.971801175
1475.391 0.966157039
1476.399 0.962478404
1477.349 0.956916191
1478.299 0.953276687
1479.249 0.948558669
1480.178 0.943196838
1481.078 0.938530289
1482.02 0.93350734
1483.02 0.928532506
1483.957 0.925403791
1484.807 0.922305827
1485.72 0.918968968
1486.72 0.918317273
1487.699 0.919607485
1488.649 0.917432987
1489.62 0.915601273
1490.62 0.922820556
1491.62 0.925362323
1492.62 0.930428851
1493.578 0.942435823
1494.478 0.948896493
1495.441 0.956569875
1496.491 0.974906735
1497.52 0.985118944
1498.52 1.00940258
1499.499 1.02931301
1500.449 1.04876006
1501.336 1.06951426
1502.136 1.09043909
1502.978 1.1137978
1503.878 1.13644528
1504.757 1.15624066
1505.607 1.1767698
1506.436 1.19545578
1507.236 1.21215844
1508.015 1.2282014
1508.765 1.24309722
1509.536 1.25715056
1510.336 1.27040251
1511.136 1.28231449
1511.936 1.29284108
1512.694 1.30157245
1513.394 1.30865622
1514.094 1.31384694
1514.794 1.31631552
1515.452 1.31655609
1516.052 1.31701368
1516.652 1.32012619
1517.252 1.31855517
1517.873 1.31440804
1518.523 1.30937153
1519.152 1.30911421
1519.752 1.30729338
1520.352 1.29904531
1520.952 1.29027805
1521.552 1.28606843
1522.152 1.28125032
1522.71 1.27004189
1523.21 1.25993946
1523.752 1.25460676
1524.352 1.23872421
1524.952 1.2207526
1525.552 1.20847089
1526.11 1.19059185
1526.61 1.17074232
1527.11 1.15706406
1527.61 1.13803086
1528.089 1.11604266
1528.539 1.10078555
1529.01 1.07594572
1529.51 1.05264035
1530.052 1.0260646
1530.652 0.992501862
1531.273 0.957633651
1531.923 0.920250691
1532.573 0.880033783
1533.223 0.837401388
1533.873 0.793321984
1534.523 0.747937068
1535.11 0.705340932
1535.61 0.667957789
1536.173 0.624915671
1536.823 0.573409576
1537.389 0.526140902
1537.839 0.489846159
1538.373 0.444187221
1539.023 0.387149588
1539.652 0.332899608
1540.252 0.280470614
1540.831 0.226726447
1541.381 0.17627459
1541.973 0.121915196
1542.623 0.0614673861
1543.273 -0.000776280314
1543.923 -0.0629470447
1544.552 -0.121527886
1545.152 -0.176708986
1545.752 -0.231641433
1546.352 -0.287207976
1546.952 -0.341472005
1547.552 -0.394644914
1548.11 -0.443636877
1548.61 -0.487511654
1549.173 -0.535665075
1549.823 -0.58994502
1550.431 -0.639497012
1550.981 -0.683418719
1551.51 -0.724592175
1552.01 -0.76224748
1552.531 -0.800414698
1553.081 -0.839667675
1553.673 -0.8802577
1554.323 -0.922637793
1554.994 -0.964010556
1555.694 -1.00446249
1556.352 -1.03977894
1556.952 -1.06959751
1557.51 -1.0962794
1558.01 -1.11905066
1558.594 -1.14277618
1559.294 -1.16809097
1559.91 -1.18765073
1560.41 -1.201591
1560.952 -1.21393779
1561.552 -1.22660583
1562.152 -1.23789002
1562.752 -1.24726532
1563.352 -1.25479809
1563.952 -1.26056468
1564.51 -1.26465253
1565.01 -1.26745868
1565.594 -1.26887016
1566.294 -1.268253
1566.994 -1.26579576
1567.694 -1.26170417
1568.373 -1.25693653
1569.023 -1.25185455
1569.673 -1.24606582
1570.323 -1.23984055
1570.952 -1.23347211
1571.552 -1.22697933
1572.131 -1.22038622
1572.681 -1.21379825
1573.252 -1.20673876
1573.852 -1.1989507
1574.494 -1.18988519
1575.194 -1.17938382
1575.81 -1.17003075
1576.31 -1.16264237
1576.894 -1.15334673
1577.594 -1.14095313
1578.294 -1.12774476
1578.994 -1.11366675
1579.694 -1.09865932
1580.394 -1.08235227
1581.094 -1.06550973
1581.794 -1.04766486
1582.431 -1.03028586
1582.981 -1.01434243
1583.552 -0.997372375
1584.152 -0.979003024
1584.794 -0.958309408
1585.494 -0.93466449
1586.215 -0.90928538
1586.965 -0.881973723
1587.631 -0.856961906
1588.181 -0.835152751
1588.731 -0.813065247
1589.281 -0.791306719
1589.852 -0.768240281
1590.452 -0.743301844
1591.115 -0.714452272
1591.865 -0.681908027
1592.552 -0.654104194
1593.152 -0.629196817
1593.794 -0.604040214
1594.494 -0.575613698
1595.173 -0.547881951
1595.823 -0.522228265
1596.494 -0.496776969
1597.194 -0.472923896
1597.873 -0.447434945
1598.523 -0.424407568
1599.194 -0.400724301
1599.894 -0.377331652
1600.573 -0.355010417
1601.223 -0.334106646
1601.852 -0.314556791
1602.452 -0.296391401
1603.052 -0.278668296
1603.652 -0.261768508
1604.315 -0.244942104
1605.065 -0.225579892
1605.752 -0.206444648
1606.352 -0.191634108
1606.952 -0.177373794
1607.552 -0.163719955
1608.194 -0.150014807
1608.894 -0.132530985
1609.573 -0.118868968
1610.223 -0.104579523
1610.915 -0.0892988975
1611.665 -0.0755135428
1612.394 -0.0605562051
1613.094 -0.0454827096
1613.773 -0.0324084604
1614.423 -0.0187953171
1615.052 -0.00555221094
1615.652 0.00628412755
1616.252 0.0179725084
1616.852 0.0297079246
1617.452 0.0410225766
1618.052 0.0513747207
1618.673 0.0600213176
1619.323 0.0705032313
1619.952 0.0797182907
1620.552 0.0883322408
1621.173 0.0940630433
1621.823 0.0992135173
1622.494 0.105739925
1623.194 0.111573723
1623.873 0.109948665
1624.523 0.111752161
1625.152 0.106479316
1625.752 0.102287578
1626.394 0.0978567065
1627.094 0.091063445
1627.773 0.080405335
1628.423 0.0661380259
1629.031 0.0559275388
1629.581 0.0460715411
1630.215 0.0327498533
1630.965 0.0187128013
1631.652 0.00555703934
1632.252 -0.0075137246
1632.894 -0.0207286616
1633.594 -0.0333978039
1634.273 -0.0448833357
1634.923 -0.0550604811
1635.552 -0.063569496
1636.152 -0.0706851545
1636.71 -0.0761650218
1637.21 -0.0799428074
1637.731 -0.0829322442
1638.281 -0.0850835499
1638.873 -0.0866677618
1639.523 -0.0878136792
1640.152 -0.0831933459
1640.752 -0.0750417892
1641.352 -0.0685932944
1641.952 -0.0617016917
1642.489 -0.0547426605
1642.939 -0.0451823483
1643.473 -0.0321301994
1644.123 -0.0181932475
1644.731 -0.00416956319
1645.281 0.011271491
1645.81 0.0285277684
1646.31 0.0458213482
1646.831 0.06307466
1647.381 0.0807326117
1647.952 0.0986555783
1648.552 0.118921637
1649.089 0.140465379
1649.539 0.161892495
1650.01 0.184979018
1650.51 0.209004818
1651.031 0.23382798
1651.581 0.258771654
1652.11 0.282387225
1652.61 0.305260659
1653.089 0.327452526
1653.539 0.349017197
1653.947 0.369162513
1654.297 0.3872323
1654.668 0.405687348
1655.068 0.424973024
1655.468 0.445090028
1655.868 0.46485523
1656.268 0.484127299
1656.668 0.50443216
1657.047 0.522192417
1657.397 0.536313315
1657.789 0.553998029
1658.239 0.573077744
1658.689 0.590587468
1659.139 0.605961334
1659.568 0.617999944
1659.968 0.626164555
1660.368 0.639020823
1660.768 0.648020856
1661.168 0.651746239
1661.568 0.65265772
1661.989 0.650862043
1662.439 0.651743136
1662.826 0.652418413
1663.126 0.643679145
1663.468 0.635413601
1663.868 0.628612384
1664.247 0.6163799
1664.597 0.598974286
1664.926 0.587323736
1665.226 0.569846283
1665.547 0.549667888
1665.897 0.532101023
1666.247 0.505613484
1666.597 0.477767277
1666.968 0.447389442
1667.368 0.412915647
1667.789 0.374083443
1668.239 0.329777013
1668.668 0.286484319
1669.068 0.245882654
1669.426 0.203179584
1669.726 0.165501728
1670.047 0.129354851
1670.397 0.0827601724
1670.768 0.0328070518
1671.168 -0.0213461513
1671.589 -0.080377394
1672.039 -0.146950707
1672.468 -0.210820462
1672.868 -0.27070977
1673.226 -0.32682544
1673.526 -0.374481554
1673.889 -0.431991014
1674.339 -0.504274945
1674.768 -0.573584622
1675.168 -0.638726678
1675.568 -0.704237602
1675.968 -0.768637753
1676.347 -0.829296548
1676.697 -0.884513767
1677.068 -0.944984388
1677.468 -1.00758931
1677.868 -1.06976067
1678.268 -1.13164957
1678.626 -1.1878551
1678.926 -1.22861071
1679.289 -1.28018993
1679.739 -1.34427198
1680.168 -1.40358197
1680.568 -1.45761664
1680.989 -1.51157435
1681.439 -1.56714789
1681.868 -1.61852277
1682.268 -1.66421932
1682.647 -1.7060656
1682.997 -1.74342451
1683.368 -1.7820914
1683.768 -1.82271227
1684.189 -1.86392348
1684.639 -1.90474552
1685.089 -1.9424072
1685.539 -1.97912608
1685.947 -2.01125983
1686.297 -2.03805978
1686.626 -2.06202185
1686.926 -2.08236524
1687.226 -2.10192195
1687.526 -2.12128472
1687.868 -2.14257668
1688.268 -2.16655312
1688.647 -2.18835104
1688.997 -2.20770787
1689.368 -2.22759247
1689.768 -2.24844193
1690.189 -2.27019196
1690.639 -2.29344226
1691.047 -2.31281207
1691.397 -2.32837343
1691.768 -2.34478608
1692.168 -2.36212303
1692.547 -2.37762673
1692.897 -2.39049239
1693.268 -2.40293079
1693.668 -2.41502599
1694.047 -2.42517415
1694.397 -2.43306644
1694.747 -2.43972951
1695.097 -2.4453054
1695.468 -2.45009136
1695.868 -2.45346231
1696.247 -2.45527873
1696.597 -2.45570954
1696.926 -2.455077
1697.226 -2.45318479
1697.547 -2.45000691
1697.897 -2.4458257
1698.247 -2.44071224
1698.597 -2.43483028
1698.968 -2.42751097
1699.368 -2.41844405
1699.747 -2.40889353
1700.097 -2.39933154
1700.468 -2.38769847
1700.868 -2.37370506
1701.247 -2.36028728
1701.597 -2.34876516
1701.947 -2.33665056
1702.297 -2.32306107
1702.647 -2.30963478
1702.997 -2.29676648
1703.368 -2.28288804
1703.768 -2.2677596
1704.147 -2.25342512
1704.497 -2.24020502
1704.847 -2.22716655
1705.197 -2.2144505
1705.526 -2.20291595
1705.826 -2.1925001
1706.189 -2.17953604
1706.639 -2.16355471
1707.047 -2.14954881
1707.397 -2.13769333
1707.747 -2.12560577
1708.097 -2.11343401
1708.468 -2.10068594
1708.868 -2.08697372
1709.268 -2.0732198
1709.668 -2.05945428
1710.047 -2.0465734
1710.397 -2.03497406
1710.747 -2.02364747
1711.097 -2.01262862
1711.447 -2.00132589
1711.797 -1.98914858
1712.147 -1.97682325
1712.497 -1.9650284
1712.868 -1.95363574
1713.268 -1.94170005
1713.647 -1.93111549
1713.997 -1.92224284
1714.389 -1.91340936
1714.839 -1.90457539
1715.268 -1.89194387
1715.668 -1.88029686
1716.047 -1.86905998
1716.397 -1.86025276
1716.789 -1.85091724
1717.239 -1.83951397
1717.689 -1.82901338
1718.139 -1.81963879
1718.547 -1.81162772
1718.897 -1.80354212
1719.247 -1.795255
1719.597 -1.78764948
1719.947 -1.78069162
1720.297 -1.77390519
1720.668 -1.76674182
1721.068 -1.75926773
1721.489 -1.75126111
1721.939 -1.74186049
1722.41 -1.73244836
1722.91 -1.72280342
1723.347 -1.71212265
1723.697 -1.70373284
1724.026 -1.69546348
1724.326 -1.68756551
1724.668 -1.67765361
1725.068 -1.66473332
1725.447 -1.65206989
1725.797 -1.64028329
1726.168 -1.62698823
1726.568 -1.61166167
1726.947 -1.59611982
1727.297 -1.5808224
1727.605 -1.56484824
1727.855 -1.54931355
1728.189 -1.5341301
1728.639 -1.50790902
1729.089 -1.48357009
1729.539 -1.45870376
1729.926 -1.43294265
1730.226 -1.41036665
1730.568 -1.38416317
1730.968 -1.35589812
1731.368 -1.32667298
1731.768 -1.29660215
1732.168 -1.26580571
1732.568 -1.2343792
1732.968 -1.20261677
1733.368 -1.16964698
1733.768 -1.13675566
1734.168 -1.10383867
1734.568 -1.07066409
1734.968 -1.03746995
1735.347 -1.00659213
1735.697 -0.979510098
1736.047 -0.952991661
1736.397 -0.926087653
1736.768 -0.897771087
1737.168 -0.868746031
1737.568 -0.840191229
1737.968 -0.811761964
1738.368 -0.785558862
1738.768 -0.762181438
1739.147 -0.742066773
1739.497 -0.725570541
1739.868 -0.707980961
1740.268 -0.691252543
1740.647 -0.676808101
1740.997 -0.663463954
1741.368 -0.65167951
1741.768 -0.641708499
1742.147 -0.632390959
1742.497 -0.625481134
1742.826 -0.621401491
1743.126 -0.616844677
1743.468 -0.611763969
1743.868 -0.613735269
1744.268 -0.615527344
1744.668 -0.613282957
1745.068 -0.61543047
1745.468 -0.616366639
1745.868 -0.615753683
1746.268 -0.616700556
1746.647 -0.619044377
1746.997 -0.622098126
1747.347 -0.625939117
1747.697 -0.630708206
1748.026 -0.636055683
1748.326 -0.641717363
1748.689 -0.649533581
1749.139 -0.660534725
1749.547 -0.671897964
1749.897 -0.682837678
1750.247 -0.694572066
1750.597 -0.707392768
1750.968 -0.722101235
1751.368 -0.739428913
1751.768 -0.758531737
1752.168 -0.779332949
1752.568 -0.801323633
1752.968 -0.824188792
1753.347 -0.847111609
1753.697 -0.869344698
1754.068 -0.894224259
1754.468 -0.92257555
1754.868 -0.952063512
1755.268 -0.982557924
1755.668 -1.01431485
1756.068 -1.04543434
1756.426 -1.07546152
1756.726 -1.10160366
1757.11 -1.13495293
1757.61 -1.17943701
1758.068 -1.22027387
1758.468 -1.25678408
1758.868 -1.29348059
1759.268 -1.33033609
1759.668 -1.36737605
1760.068 -1.40490115
1760.447 -1.44090099
1760.797 -1.47425903
1761.21 -1.51436926
1761.71 -1.56309195
1762.168 -1.60853562
1762.568 -1.64913515
1763.01 -1.69463569
1763.51 -1.74879289
1763.968 -1.79907689
1764.368 -1.84307254
1764.747 -1.88502304
1765.097 -1.92405367
1765.426 -1.96319807
1765.726 -1.9992727
1766.068 -2.03863554
1766.468 -2.08497988
1766.868 -2.13216252
1767.268 -2.17925112
1767.626 -2.22080526
1767.926 -2.25514038
1768.268 -2.2958997
1768.668 -2.34327427
1769.068 -2.39045482
1769.468 -2.43751053
1769.868 -2.48465388
1770.268 -2.53189906
1770.689 -2.5817057
1771.139 -2.6351022
1771.568 -2.68599919
1771.968 -2.7335658
1772.389 -2.78355714
1772.839 -2.8372326
1773.226 -2.88353783
1773.526 -2.91877786
1773.889 -2.96111824
1774.339 -3.01367434
1774.726 -3.05770133
1775.026 -3.0896317
1775.368 -3.12676194
1775.768 -3.16926969
1776.147 -3.20867809
1776.497 -3.24460975
1776.868 -3.28067388
1777.268 -3.31676816
1777.71 -3.35391203
1778.21 -3.39848451
1778.689 -3.43353209
1779.139 -3.4643774
1779.568 -3.49450274
1779.968 -3.5203834
1780.389 -3.54351566
1780.839 -3.56713485
1781.268 -3.58817063
1781.668 -3.60395547
1782.089 -3.62012397
1782.539 -3.63694593
1782.947 -3.65015998
1783.297 -3.6605161
1783.689 -3.67112074
1784.139 -3.68054146
1784.589 -3.68952284
1785.039 -3.69721935
1785.468 -3.70260948
1785.868 -3.70599193
1786.268 -3.70843183
1786.668 -3.71002209
1787.047 -3.71086941
1787.397 -3.71107232
1787.747 -3.71072164
1788.097 -3.70999739
1788.468 -3.7079773
1788.868 -3.70517133
1789.247 -3.70203519
1789.597 -3.69826324
1789.968 -3.69484364
1790.368 -3.69064456
1790.747 -3.6863259
1791.097 -3.68272044
1791.468 -3.67845534
1791.868 -3.67363175
1792.247 -3.67098063
1792.597 -3.67348013
1792.989 -3.67607662
1793.439 -3.67840018
1793.889 -3.67087462
1794.339 -3.66375953
1794.81 -3.65725498
1795.31 -3.64926139
1795.747 -3.63999429
1796.097 -3.63243515
1796.489 -3.62465438
1796.939 -3.61540453
1797.389 -3.60540148
1797.839 -3.59509839
1798.289 -3.58395137
1798.739 -3.57197409
1799.168 -3.55980562
1799.568 -3.54790043
1799.968 -3.53540523
1800.368 -3.52216526
1800.726 -3.51006098
1801.026 -3.5000831
1801.389 -3.48735897
1801.839 -3.47057245
1802.268 -3.45405814
1802.668 -3.43833055
1803.026 -3.42426501
1803.326 -3.4123404
1803.668 -3.39778286
1804.068 -3.38334555
1804.468 -3.36899441
1804.868 -3.35119341
1805.31 -3.33526547
1805.81 -3.31346104
1806.247 -3.29382739
1806.597 -3.27706408
1806.947 -3.25999899
1807.297 -3.24281761
1807.668 -3.2243339
1808.068 -3.20390001
1808.468 -3.18329288
1808.868 -3.16266003
1809.268 -3.14216416
1809.668 -3.1209934
1810.089 -3.09768131
1810.539 -3.07177765
1810.968 -3.04659151
1811.368 -3.02312649
1811.81 -2.99656094
1812.31 -2.96525744
1812.789 -2.93469287
1813.239 -2.90555067
1813.668 -2.87669741
1814.068 -2.84869532
1814.489 -2.81823864
1814.939 -2.78461722
1815.368 -2.75136053
1815.768 -2.71933986
1816.189 -2.68460814
1816.639 -2.64606836
1817.089 -2.60719275
1817.539 -2.5671517
1817.947 -2.53020985
1818.297 -2.49808358
1818.668 -2.46374238
1819.068 -2.42645193
1819.468 -2.38892682
1819.868 -2.35116576
1820.289 -2.3112217
1820.739 -2.26859555
1821.168 -2.22813751
1821.568 -2.19048203
1821.968 -2.15305049
1822.368 -2.11599947
1822.789 -2.07723455
1823.239 -2.03644064
1823.689 -1.99884819
1824.139 -1.96575993
1824.61 -1.92982779
1825.11 -1.89509334
1825.568 -1.86464694
1825.968 -1.83854493
1826.389 -1.81287868
1826.839 -1.78761984
1827.247 -1.76707831
1827.597 -1.75160838
1827.947 -1.73679318
1828.297 -1.72267021
1828.668 -1.71239482
1829.068 -1.7031144
1829.51 -1.69328702
1830.01 -1.68290096
1830.468 -1.67835517
1830.868 -1.67579287
1831.247 -1.67526726
1831.597 -1.6766476
1831.989 -1.6783326
1832.439 -1.68040708
1832.847 -1.68316153
1833.197 -1.68610154
1833.589 -1.68997004
1834.039 -1.69507733
1834.468 -1.70051003
1834.868 -1.7063544
1835.247 -1.71214397
1835.597 -1.71863637
1835.989 -1.72466832
1836.439 -1.73091463
1836.868 -1.73783835
1837.268 -1.74445714
1837.668 -1.75110131
1838.068 -1.75735671
1838.468 -1.7630456
1838.868 -1.76809407
1839.268 -1.77255545
1839.668 -1.77650839
1840.068 -1.77996324
1840.468 -1.78303559
1840.889 -1.78550764
1841.339 -1.78333402
1841.768 -1.77981603
1842.168 -1.77544776
1842.589 -1.77478095
1843.039 -1.77321723
1843.468 -1.7717572
1843.868 -1.77078733
1844.268 -1.76923675
1844.668 -1.76699967
1845.089 -1.76461673
1845.539 -1.76210844
1845.989 -1.75903745
1846.439 -1.75538493
1846.868 -1.75177674
1847.268 -1.74832729
1847.668 -1.74505692
1848.068 -1.73678963
1848.426 -1.72968473
1848.726 -1.72837845
1849.068 -1.72508074
1849.468 -1.72062419
1849.868 -1.71629122
1850.268 -1.71136674
1850.668 -1.70571045
1851.068 -1.69901479
1851.51 -1.69055953
1852.01 -1.67775993
1852.468 -1.66665452
1852.868 -1.65456124
1853.247 -1.64181209
1853.597 -1.62996447
1853.947 -1.61790572
1854.297 -1.60531233
1854.647 -1.59088053
1854.997 -1.57507946
1855.368 -1.55709533
1855.768 -1.53757295
1856.147 -1.51857875
1856.497 -1.49985152
1856.889 -1.4815598
1857.339 -1.4584525
1857.768 -1.43409441
1858.168 -1.40869103
1858.547 -1.38311601
1858.897 -1.35892135
1859.268 -1.33246717
1859.668 -1.30342452
1860.089 -1.27226054
1860.539 -1.23839351
1860.947 -1.20733885
1861.297 -1.18045191
1861.689 -1.15005231
1862.139 -1.11487583
1862.589 -1.07958173
1863.039 -1.04445401
1863.489 -1.00969269
1863.939 -0.974967403
1864.347 -0.943684387
1864.697 -0.91726196
1865.089 -0.888004429
1865.539 -0.854881431
1865.968 -0.82342648
1866.368 -0.793926301
1866.831 -0.760430552
1867.381 -0.723259315
1867.805 -0.692935523
1868.055 -0.677221509
1868.368 -0.657286925
1868.768 -0.632059552
1869.21 -0.604866431
1869.71 -0.57527966
1870.21 -0.54989212
1870.71 -0.524721079
1871.189 -0.502567273
1871.639 -0.483701233
1872.089 -0.465781696
1872.539 -0.448132303
1873.01 -0.430241049
1873.51 -0.412278821
1873.968 -0.395233453
1874.368 -0.380968489
1874.789 -0.365182704
1875.239 -0.348675841
1875.668 -0.331828785
1876.068 -0.31665568
1876.468 -0.30050008
1876.868 -0.283980639
1877.289 -0.265249291
1877.739 -0.246564441
1878.189 -0.226597346
1878.639 -0.206716231
1879.068 -0.18687268
1879.468 -0.167755372
1879.847 -0.148719463
1880.197 -0.13018712
1880.589 -0.108198802
1881.039 -0.0815147344
1881.489 -0.051741521
1881.939 -0.0199202819
1882.389 0.0119162971
1882.839 0.0483339052
1883.247 0.0756298153
1883.597 0.103976667
1883.947 0.132827192
1884.297 0.162095909
1884.668 0.192579354
1885.068 0.224452982
1885.426 0.253862088
1885.726 0.279823159
1886.089 0.310345365
1886.539 0.349994756
1886.989 0.390740522
1887.439 0.43573264
1887.847 0.477582193
1888.197 0.505097123
1888.589 0.546146525
1889.039 0.587377098
1889.447 0.62208351
1889.797 0.654210196
1890.168 0.685831545
1890.568 0.71503089
1890.968 0.750353394
1891.368 0.777139659
1891.768 0.804335709
1892.168 0.830845229
1892.547 0.852125159
1892.897 0.871177005
1893.247 0.88811286
1893.597 0.903055373
1893.989 0.916725422
1894.439 0.930143535
1894.889 0.940882856
1895.339 0.944358125
1895.768 0.945978444
1896.168 0.948619259
1896.547 0.943256372
1896.897 0.938040958
1897.289 0.933977801
1897.739 0.915940802
1898.126 0.91187727
1898.426 0.896619141
1898.747 0.889452418
1899.097 0.871553918
1899.405 0.856343568
1899.655 0.842695848
1899.968 0.829035979
1900.368 0.810723047
1900.726 0.790444102
1901.026 0.778297511
1901.347 0.760901748
1901.697 0.745615485
1902.026 0.728551919
1902.326 0.714462101
1902.647 0.699569254
1902.997 0.682038452
1903.347 0.665784914
1903.697 0.648328915
1904.026 0.632826135
1904.326 0.616889397
1904.584 0.605981603
1904.784 0.594790965
1904.963 0.584916411
1905.113 0.578985081
1905.263 0.571659363
1905.413 0.563230726
1905.563 0.554810522
1905.713 0.547442628
1905.863 0.540793549
1906.013 0.53222981
1906.163 0.523649698
1906.313 0.515095057
1906.463 0.507993175
1906.613 0.500649436
1906.763 0.493048878
1906.913 0.485176246
1907.063 0.477016197
1907.213 0.468553526
1907.384 0.458518027
1907.584 0.446228962
1907.805 0.431921667
1908.055 0.415610635
1908.326 0.398000826
1908.626 0.377104611
1908.926 0.357097664
1909.226 0.334983606
1909.526 0.314439408
1909.826 0.291761209
1910.126 0.270077518
1910.426 0.247244783
1910.747 0.222438527
1911.097 0.195014525
1911.447 0.167224239
1911.797 0.13837126
1912.126 0.112090165
1912.426 0.0875753978
1912.726 0.0615725503
1913.026 0.0399530345
1913.347 0.0171093383
1913.697 -0.00744492181
1914.215 -0.0522099093
1914.965 -0.11438186
1915.736 -0.183493049
1916.536 -0.248168072
1917.336 -0.348392728
1918.136 -0.422581261
1918.957 -0.489116059
1919.807 -0.564901133
1920.636 -0.631870699
1921.436 -0.696955242
1922.236 -0.752777897
1923.036 -0.811479774
1923.836 -0.861144371
1924.636 -0.911241488
1925.415 -0.950718939
1926.165 -0.984103696
1926.957 -1.01149481
1927.807 -1.03362416
1928.636 -1.04331346
1929.436 -1.048811
1930.278 -1.04448378
1931.178 -1.03065892
1932.078 -1.00981965
1932.978 -0.981570428
1933.857 -0.947674182
1934.707 -0.909772552
1935.578 -0.867634043
1936.478 -0.821058212
1937.378 -0.771104438
1938.278 -0.718982215
1939.178 -0.664787738
1940.078 -0.608156658
1940.999 -0.547815634
1941.949 -0.485071474
1942.878 -0.421602597
1943.778 -0.358379578
1944.678 -0.294464611
1945.578 -0.232887584
1946.478 -0.175410811
1947.378 -0.123033464
1948.215 -0.0780585192
1948.965 -0.0391798704
1949.694 -0.00353632621
1950.394 0.0293620833
1951.094 0.0606451739
1951.794 0.0903109661
1952.515 0.119881826
1953.265 0.152083018
1953.994 0.179315201
1954.694 0.206220626
1955.394 0.231024855
1956.094 0.260696009
1956.815 0.284944906
1957.565 0.30978727
1958.315 0.331887518
1959.065 0.345135279
1959.794 0.360330057
1960.494 0.37114863
1961.215 0.370688121
1961.965 0.370811286
1962.652 0.368523077
1963.252 0.363326878
1963.873 0.35620086
1964.523 0.347081015
1965.173 0.336213108
1965.823 0.32375401
1966.473 0.309742827
1967.123 0.294217202
1967.752 0.277848116
1968.352 0.261267943
1968.973 0.243265014
1969.623 0.223592259
1970.273 0.203532079
1970.923 0.183605043
1971.573 0.164446882
1972.223 0.146649056
1972.852 0.131396037
1973.452 0.119395032
1974.073 0.109173879
1974.723 0.0997412749
1975.226 0.0949533274
1975.526 0.0884029303
1975.805 0.0889508985
1976.055 0.0850031601
1976.326 0.0813729588
1976.626 0.0822001066
1976.905 0.077486475
1977.155 0.0799836463
1977.426 0.0764539491
1977.726 0.075527737
1978.005 0.0749494247
1978.255 0.0720240484
1978.526 0.0753915916
1978.826 0.0726620225
1979.105 0.070698551
1979.355 0.0694610586
1979.626 0.0687157497
1979.926 0.0728239568
1980.205 0.0735651721
1980.455 0.0766998691
1980.705 0.0788691181
1980.955 0.0812198394
1981.226 0.0845281654
1981.526 0.087774504
1981.805 0.0911417534
1982.055 0.0939361283
1982.305 0.0971413231
1982.555 0.0998678869
1982.826 0.10286911
1983.126 0.106343771
1983.405 0.108603498
1983.655 0.11147195
1983.905 0.112700091
1984.155 0.114966409
1984.426 0.115952065
1984.726 0.117345282
1985.005 0.117201435
1985.255 0.117510867
1985.526 0.117137468
1985.826 0.116136772
1986.147 0.113136747
1986.497 0.113828059
1986.868 0.110999266
1987.268 0.107205908
1987.647 0.102481983
1987.997 0.0987255145
1988.368 0.0950270916
1988.768 0.0879111484
1989.147 0.0799838206
1989.497 0.071342074
1989.868 0.0614626084
1990.268 0.0499985664
1990.668 0.0378537585
1991.068 0.0254204878
1991.447 0.0138127554
1991.797 0.000112730586
1992.168 -0.0163235005
1992.568 -0.0346481042
1992.968 -0.0542280338
1993.368 -0.0750350266
1993.705 -0.0944573912
1993.955 -0.106098588
1994.226 -0.12201912
1994.526 -0.141064715
1994.805 -0.15502614
1995.055 -0.170711035
1995.305 -0.18788475
1995.555 -0.200103185
1995.826 -0.218071328
1996.126 -0.236972755
1996.405 -0.252094434
1996.655 -0.269070425
1996.905 -0.285944424
1997.155 -0.300685777
1997.426 -0.318719145
1997.726 -0.337932004
1998.005 -0.355197402
1998.255 -0.371656999
1998.505 -0.387856875
1998.755 -0.403640714
1999.068 -0.423073087
1999.468 -0.447055741
1999.868 -0.46454436
2000.268 -0.478306114
2000.668 -0.489172798
2001.068 -0.497747331
2001.468 -0.50445932
2001.868 -0.509601866
2002.268 -0.513371188
2002.668 -0.515894327
2003.068 -0.517248675
2003.468 -0.517476706
2003.868 -0.516595866
2004.268 -0.514607025
2004.668 -0.511499126
2005.068 -0.5072524
2005.468 -0.501841091
2005.868 -0.495236124
2006.268 -0.487405563
2006.668 -0.47831652
2007.089 -0.467356229
2007.539 -0.454020303
2007.968 -0.439709734
2008.368 -0.424929917
2008.789 -0.407844612
2009.239 -0.387811465
2009.668 -0.366974765
2010.068 -0.34598917
2010.489 -0.322250846
2010.939 -0.294975397
2011.368 -0.267116309
2011.768 -0.239488031
2012.189 -0.20867051
2012.639 -0.173743799
2013.068 -0.138525245
2013.468 -0.103991076
2013.889 -0.065871545
2014.339 -0.0231141744
2014.768 0.0195838393
2015.168 0.0610967071
2015.484 0.0950509582
2015.684 0.117068783
2015.884 0.139495096
2016.084 0.162329344
2016.284 0.185570953
2016.484 0.209219308
2016.684 0.233273765
2016.884 0.257733708
2017.084 0.282598571
2017.284 0.30786777
2017.484 0.333540753
2017.684 0.359616991
2017.884 0.38609594
2018.084 0.412977011
2018.284 0.440259638
2018.484 0.467943211
2018.684 0.496027114
2018.884 0.524510762
2019.084 0.553393649
2019.284 0.582675348
2019.484 0.612355431
2019.684 0.642433384
2019.863 0.669690058
2020.013 0.692775572
2020.184 0.719364946
2020.384 0.750830783
2020.563 0.779328119
2020.713 0.803452445
2020.884 0.831225375
2021.084 0.864074896
2021.284 0.897319713
2021.484 0.93096
2021.663 0.961403564
2021.813 0.987159018
