421.807 0.867386971
422.678 -0.23095439
423.578 -0.880846885
424.436 -1.48325594
425.236 -1.46193196
426.099 -1.54727737
427.049 -2.31716093
428.041 -1.55873327
429.091 -0.3365238
430.099 -0.0916988039
431.049 0.336786977
432.041 0.00825626965
433.091 -0.657900061
434.162 -0.0780941367
435.262 0.302414347
436.278 -0.990535452
437.178 -0.999638703
438.162 -0.597476646
439.262 0.75716971
440.341 0.794760523
441.391 1.66100285
442.378 0.38937683
443.278 0.386289654
444.199 -0.292950217
445.149 0.613641205
446.078 0.106624122
446.978 1.0452091
447.941 0.531748777
448.991 1.54250849
449.999 0.348025516
450.949 0.212068015
451.962 0.782934116
453.062 1.04095324
454.078 1.23212015
454.978 1.19554854
455.899 1.6247174
456.849 1.38324287
457.82 -2.4988047
458.82 1.62374068
459.799 0.636281315
460.749 0.0591595136
461.657 0.965434986
462.507 1.21940756
463.378 2.02255991
464.278 0.832623486
465.178 2.73357605
466.078 1.46682902
466.999 1.07119527
467.949 0.0891547631
468.941 0.491210444
469.991 0.810758576
470.978 0.943265482
471.878 -0.259974413
472.841 0.806742087
473.891 -1.04815981
474.878 -0.500499401
475.778 -0.408588552
476.699 1.4961811
477.649 0.530084135
478.599 -0.66445985
479.549 0.567887067
480.457 0.794224167
481.307 0.870677123
482.115 -0.348292159
482.865 -0.178661554
483.741 -0.149233596
484.791 -0.167236162
485.778 0.0997268207
486.678 0.612007059
487.578 -0.279508306
488.478 0.931091689
489.462 0.0821886766
490.562 0.232331513
491.599 2.31423964
492.549 -1.09384757
493.478 -1.21491674
494.378 -0.390774174
495.257 0.373537184
496.107 -0.239727931
497.02 -1.10465459
498.02 0.475946773
499.02 -0.0265426864
500.02 -0.780696486
500.999 -1.27655693
501.949 -1.39387797
502.92 -1.16323574
503.92 -0.811165906
504.836 -1.49640274
505.636 -2.24376474
506.541 -0.93767967
507.591 -1.68295438
508.62 -0.063913336
509.62 0.330068796
510.599 -1.19682396
511.549 -1.12595771
512.457 -2.20762337
513.307 -1.76840072
514.178 -1.38400052
515.078 -0.810029511
515.915 0.906748139
516.665 0.819702246
517.562 0.210563711
518.662 0.0738523629
519.615 -0.0104312837
520.365 -0.343135847
521.199 -0.699329396
522.149 1.49182726
523.078 0.847215744
523.978 1.06322053
524.878 0.48118102
525.778 0.2531083
526.699 0.047132683
527.649 -1.38036243
528.515 -4.65705473
529.265 -3.07881263
530.099 0.631979552
531.049 0.878632917
531.978 0.825421397
532.878 0.0911418864
533.799 -0.135628556
534.749 1.81784308
535.741 0.673609921
536.791 1.43557772
537.778 0.450655353
538.678 0.669332823
539.515 -0.255275989
540.265 1.83246694
541.099 0.426197278
542.049 -0.69391326
543.041 -0.754217696
544.091 0.414475993
545.162 -0.324769731
546.262 -0.799337017
547.299 -0.406637903
548.249 -0.0443194046
549.178 1.3485622
550.078 0.139906593
550.957 0.345111321
551.807 1.12850658
552.678 1.13631465
553.578 1.32352467
554.457 2.04308199
555.307 0.320575854
556.199 0.358677629
557.149 1.92447648
558.057 0.934043283
558.907 0.905683239
559.715 0.233645652
560.465 0.421078603
561.257 0.646970345
562.107 0.908550011
563.02 -0.70023126
564.02 1.29657098
564.999 1.8095926
565.949 0.175504192
566.899 0.905184835
567.849 0.0775990359
568.862 1.17636486
569.962 -0.424122865
570.957 -0.68312883
571.807 -1.50259418
572.72 -1.1731623
573.72 -1.49567604
574.594 -1.53984802
575.294 -0.624707349
576.078 0.294678674
576.978 -0.347799667
577.92 -0.846504034
578.92 -0.626171381
579.878 -1.10382379
580.778 -0.987972937
581.699 -1.09591568
582.649 -0.96095353
583.578 -0.47148685
584.478 -1.05859258
585.357 -0.135801744
586.207 -1.83090048
587.078 -3.18679691
587.978 -2.10893929
588.878 -1.09926333
589.778 -1.31914086
590.636 -0.714365737
591.436 -2.53032479
592.341 -5.98175755
593.391 -6.06487616
594.399 -3.27493752
595.349 -3.7271058
596.278 -0.986347209
597.178 -0.495066353
598.078 1.0328924
598.978 -0.90237224
599.878 -3.7715841
600.778 -2.88703
601.657 -3.22167109
602.507 -1.48059544
603.399 -0.748050522
604.349 0.253408389
605.299 -0.180608953
606.249 0.313027363
607.157 0.450343069
608.007 1.53874392
608.857 0.271023361
609.707 0.382886035
610.62 -0.528221827
611.62 -1.09515868
612.599 -0.0957542794
613.549 -0.228676875
614.457 1.76388316
615.307 1.53936738
616.178 2.30252751
617.078 0.681181146
617.957 -0.0188689194
618.807 0.514112571
619.678 2.06760621
620.578 1.22035651
621.541 0.170191986
622.591 0.996473914
623.662 1.93386691
624.762 1.40661981
625.82 1.41178097
626.82 1.37060369
627.841 0.170545379
628.891 -0.945558779
629.857 1.11847069
630.707 0.237259429
631.599 0.641314635
632.549 0.380607137
633.457 -0.604668724
634.307 -2.68249189
635.199 0.145782879
636.149 1.371156
637.141 1.05485043
638.191 -0.493050662
639.199 -0.514282571
640.149 -0.900528682
641.057 -0.949452282
641.907 0.312056809
642.799 -1.0333549
643.749 -0.432169023
644.72 -0.310272191
645.72 -1.032875
646.636 -1.94612002
647.436 -2.36795908
648.32 -1.18343721
649.32 -1.62121313
650.32 -0.198421612
651.32 0.474199392
652.299 -0.115330645
653.249 1.03427918
654.304 1.06591764
655.504 -1.73087115
656.62 -3.06251732
657.62 1.63176817
658.536 1.68048067
659.336 2.38255127
660.199 0.905271811
661.149 0.472211929
662.099 0.34659129
663.049 0.649730108
663.978 0.520907565
664.878 0.00890557859
665.757 -0.0790644621
666.607 0.480560743
667.499 0.922524785
668.449 0.610385051
669.357 0.0113611956
670.207 0.658628087
671.015 0.0710076822
671.765 -1.58814673
672.62 -0.968642488
673.62 -0.932564529
674.578 -1.57325812
675.478 -0.741286875
676.399 -2.15139561
677.349 -0.861082478
678.299 -0.830835238
679.249 0.198060565
680.157 -0.165562056
681.007 -0.705063681
681.92 -0.27262802
682.92 0.338027352
683.899 -0.123845551
684.849 0.0984549414
685.799 0.135887636
686.749 0.494772295
687.741 0.241048039
688.791 0.946360253
689.799 1.3836092
690.749 0.716804739
691.699 -0.30601226
692.649 0.511025639
693.578 1.18177283
694.478 0.0306592492
695.378 0.576263321
696.278 1.13810453
697.199 -0.570515738
698.149 -1.13738969
699.078 -0.460623141
699.978 -0.922737538
700.92 0.412033212
701.92 1.12611326
702.983 -1.37518415
704.133 -0.501166302
705.283 -1.83527012
706.433 -1.97671051
707.478 -2.63667256
708.378 -0.821953128
709.299 -1.69947474
710.249 -1.65576479
711.22 -0.13875778
712.22 -0.148228832
713.22 0.968821097
714.22 0.346085931
715.283 0.867827971
716.433 0.328697927
717.499 1.01981278
718.449 1.57744722
719.42 0.945937451
720.42 0.970039732
721.42 1.95922044
722.42 3.2718662
723.42 1.82146005
724.42 1.17898737
725.483 0.915800952
726.633 1.72371323
727.678 1.6176098
728.578 -0.43863869
729.562 0.82847584
730.662 0.0854909423
731.741 -0.833489086
732.791 -0.422687729
733.82 -0.591406216
734.82 -0.315545836
735.799 -1.76608154
736.749 -0.777475541
737.72 -1.15072327
738.72 -0.35992819
739.783 0.219122475
740.933 0.583898205
742.125 0.567082756
743.375 -0.643259405
744.583 -0.537832578
745.733 -0.305206078
746.841 -0.587744884
747.891 -0.466156707
748.983 0.00340065618
750.133 -2.11168334
751.241 -1.8494972
752.291 -0.740727559
753.404 -0.812921974
754.604 1.05850021
755.762 -0.168052703
756.862 0.435635865
757.962 0.48944622
759.062 0.29166141
760.162 0.945070891
761.262 -0.665039195
762.341 -0.024426215
763.391 -0.359583059
764.42 -2.17464771
765.42 -1.24263907
766.42 0.733784036
767.42 -0.164755417
768.378 0.171333129
769.278 0.177059271
770.178 0.273252656
771.078 -0.713189453
771.978 0.00454839082
772.878 -0.127058195
773.736 -0.987952308
774.536 -0.331135446
775.357 -1.29404228
776.207 0.238544327
777.036 -0.579752679
777.836 -0.00556595576
778.594 0.171626904
779.294 0.320394888
779.973 1.51719625
780.623 1.21051088
781.294 -0.387925827
781.994 -0.399164954
782.694 0.812322646
783.394 0.105722179
784.073 0.0199136925
784.723 -0.099832209
785.331 -1.03580027
785.881 -0.0361212613
786.431 0.0222034219
786.981 -0.319156974
787.531 0.213496626
788.081 -0.890005473
788.631 0.575577818
789.181 0.325196946
789.71 0.378142871
790.21 0.104114837
790.731 0.0935863274
791.281 0.0220096985
791.789 -0.647944311
792.239 0.436177542
792.794 0.707519897
793.494 0.194616913
794.194 0.178513403
794.894 -1.4664006
795.552 -0.852950274
796.152 0.549268376
796.752 0.176480531
797.352 0.385054227
797.952 1.0898729
798.552 0.0487206682
799.152 0.467355895
799.752 -0.218794285
800.331 0.276706834
800.881 0.0621968828
801.452 0.932464274
802.052 0.319769042
802.673 1.03127847
803.323 1.06404649
803.952 -0.773773629
804.552 -0.303276487
805.173 -0.247640192
805.823 -0.351167284
806.473 0.957530338
807.123 0.1500912
807.752 -1.52824849
808.352 0.098716023
808.952 1.17478876
809.552 -0.0570878636
810.215 -0.184385578
810.965 -0.121266647
811.673 0.864134557
812.323 0.748172053
812.994 -0.300472107
813.694 0.7869407
814.352 -0.590821615
814.952 1.20442261
815.552 -0.0409772184
816.152 0.0352884065
816.731 0.00145490079
817.281 1.53863115
817.873 0.888089189
818.523 -0.952083344
819.173 -2.57716036
819.823 -1.5946541
820.452 -1.620682
821.052 -1.59051441
821.715 -1.25883632
822.465 -1.54312256
823.215 -0.231833351
823.965 -0.628549827
824.673 -0.345871838
825.323 -1.23969878
826.036 0.685410792
826.836 -0.418438984
827.594 -0.70190232
828.294 -0.258264737
828.994 0.392665039
829.694 -0.77345922
830.394 -0.904769211
831.094 0.840272772
831.773 0.15124932
832.423 0.304971286
833.136 1.86220645
833.936 1.54102671
834.715 0.32906143
835.465 -0.303995549
836.236 1.00041485
837.036 1.18912995
837.794 -0.318531893
838.494 -3.23499229
839.173 -0.144041672
839.823 -1.18753489
840.494 -0.228892811
841.194 -1.48728623
841.894 -0.294281918
842.594 -2.44073579
843.294 -1.24260474
843.994 0.537559709
844.673 -0.400285587
845.323 1.02671341
846.12 0.388465315
847.12 0.900064054
848.015 0.0865893486
848.765 1.62402491
849.536 1.25657655
850.336 0.656079992
851.136 2.3554451
851.936 1.7777599
852.715 1.59239656
853.465 0.617968592
854.194 -1.15863833
854.894 -2.87523377
855.615 2.20846613
856.365 1.56518649
857.094 1.88090035
857.794 0.223288437
858.494 -0.268887679
859.194 -0.484706865
859.936 -0.344087362
860.736 -2.00294983
861.473 -0.510348014
862.123 -1.39792929
862.836 -0.712320539
863.636 -0.870339985
864.499 -0.546226769
865.449 -0.100466034
866.378 -1.28214826
867.278 -1.18387624
868.136 -0.316516503
868.936 0.40948522
869.715 3.48016702
870.465 1.37482155
871.194 0.834178555
871.894 1.03892962
872.657 1.69801676
873.507 0.610122323
874.294 -0.470763196
874.994 0.00105443517
875.673 0.136575877
876.323 0.465400857
877.036 0.466885806
877.836 1.28136075
878.573 1.46050417
879.223 0.00500970125
879.894 -1.04995335
880.594 -0.817731111
881.378 0.734306526
882.278 -0.664373657
883.178 0.708268194
884.078 -1.96457169
884.915 -1.56341572
885.665 0.783397266
886.415 0.685685791
887.165 0.601317068
887.915 0.322986941
888.665 -0.57239045
889.436 -0.343476734
890.236 0.13721847
891.057 0.249787602
891.907 -1.19319291
892.715 0.37493041
893.465 -1.1125241
894.215 -0.0800827504
894.965 -0.540416537
895.799 0.808486796
896.749 -0.0337968361
897.678 -1.82650673
898.578 -0.93803443
899.415 -1.13193483
900.165 -0.489972233
900.957 0.0362155718
901.807 -0.956514288
902.594 -1.17955886
903.294 -1.90236099
904.12 -1.60863193
905.12 -0.702333605
906.015 -0.451951373
906.765 -2.04966897
907.494 -1.79021487
908.194 -2.85505817
908.957 -2.14624531
909.807 -1.27687604
910.636 -2.19617534
911.436 -0.960001036
912.257 -2.2861463
913.107 0.650958868
913.957 0.519930513
914.807 0.688334981
915.594 0.823367812
916.294 1.31471069
917.015 1.75670534
917.765 1.76384595
918.494 2.27360342
919.194 2.06874262
919.915 1.66007519
920.665 2.31175628
921.457 2.47011528
922.307 1.77252745
923.136 2.39499215
923.936 1.6671237
924.799 2.23891701
925.749 2.34632248
926.636 2.35823063
927.436 1.15684297
928.215 0.98241725
928.965 0.0135090024
929.715 1.25704813
930.465 0.684610068
931.236 -1.0754394
932.036 -0.291985675
932.836 -0.527996225
933.636 -1.21851493
934.436 1.64389713
935.236 0.1559379
936.057 -0.163808438
936.907 0.410959092
937.736 -0.700272589
938.536 1.03256245
939.294 0.326768441
939.994 0.166658739
940.757 -0.989745145
941.607 -0.155243862
942.457 -2.04513618
943.307 -3.49074916
944.136 -1.67994774
944.936 -2.24138624
945.778 -0.929661083
946.678 0.183935091
947.536 -0.794165777
948.336 -0.656563683
949.136 -0.839191442
949.936 -2.04933808
950.736 0.569960234
951.536 -0.536439288
952.399 -0.31379942
953.349 0.0930293797
954.215 -0.736566733
954.965 -0.304873378
955.757 -1.33986772
956.607 -0.181048877
957.436 -0.510455547
958.236 1.69498067
959.099 0.950755269
960.049 -0.470226927
960.936 0.249993054
961.736 -0.603483074
962.536 -0.71657924
963.336 -0.463583827
964.178 -0.0790920106
965.078 -0.54360988
965.957 -0.788380395
966.807 0.660729541
967.699 0.436101081
968.649 1.75053065
969.536 2.54784115
970.336 1.7870244
971.136 0.605426495
971.936 2.02295953
972.736 0.450930448
973.536 3.05276434
974.294 0.897848125
974.994 1.29946223
975.799 1.27014681
976.749 1.08955103
977.699 0.167713321
978.649 0.821220128
979.515 0.369972531
980.265 1.29421298
981.036 0.944822931
981.836 1.35439977
982.657 1.13225174
983.507 1.37082087
984.357 -0.338423127
985.207 -1.83078699
986.057 -0.766390582
986.907 -2.28426964
987.736 -1.34830217
988.536 -1.07068966
989.378 -0.419597406
990.278 -1.22395159
991.157 -1.24800191
992.007 -0.279320027
992.815 -1.93753587
993.565 -1.58303655
994.357 -0.0812460859
995.207 -2.06940247
996.078 -3.66723469
996.978 -0.952755288
997.857 -0.839661445
998.707 0.50505598
999.578 -0.398246509
1000.478 -0.221252496
1001.399 -0.199939305
1002.349 0.790531648
1003.236 0.114954846
1004.036 -0.854676201
1004.836 -0.154384317
1005.636 0.782625143
1006.499 0.662215894
1007.449 -0.577587297
1008.315 1.08151798
1009.065 1.52317457
1009.857 -0.730113505
1010.707 -0.849025026
1011.536 -0.00285209714
1012.336 -1.80081368
1013.094 -0.840633127
1013.794 0.236085672
1014.599 -1.72614202
1015.549 0.539309721
1016.562 -0.256243136
1017.662 -0.235542817
1018.657 -0.0705739603
1019.507 -0.383862989
1020.357 1.05317112
1021.207 -0.761549394
1022.036 0.924277116
1022.836 -0.121633662
1023.636 -0.0394512886
1024.436 0.195576887
1025.194 0.42270617
1025.894 0.097713712
1026.615 0.664269036
1027.365 0.179768514
1028.094 0.278490325
1028.794 1.12509708
1029.557 -0.236828423
1030.407 -0.0687512055
1031.236 0.240776683
1032.036 -0.167645482
1032.857 0.437225961
1033.707 -1.20589445
1034.578 1.67045835
1035.478 0.359125221
1036.357 0.172817353
1037.207 0.548902742
1038.036 2.4148454
1038.836 0.290298041
1039.636 1.41034456
1040.436 1.35401199
1041.194 1.91442645
1041.894 1.54920533
1042.594 0.949029211
1043.294 0.809949951
1044.099 0.54157013
1045.049 -0.668893277
1045.999 -0.187184613
1046.949 0.655631208
1047.815 0.857376058
1048.565 -1.17628482
1049.399 -0.962384839
1050.349 -0.851987434
1051.215 -0.968089861
1051.965 0.461703258
1052.799 -0.756107267
1053.749 -0.285051284
1054.657 0.500192196
1055.507 -0.508949617
1056.315 -1.44861623
1057.065 -0.84208712
1057.857 0.255873821
1058.707 -0.147500832
1059.62 -0.166676081
1060.62 -0.772543969
1061.515 -0.585753194
1062.265 -0.58899609
1063.036 -1.84017763
1063.836 -0.901327716
1064.657 -1.06092128
1065.507 -1.06914728
1066.357 -1.58269569
1067.207 0.310602823
1067.994 -0.195416413
1068.694 -0.92395001
1069.373 0.96908735
1070.023 0.436595295
1070.757 1.29584054
1071.607 -0.954882399
1072.457 0.217162456
1073.307 0.119371994
1074.157 -0.18107341
1075.007 -0.434323633
1075.836 -0.239359975
1076.636 -1.89535168
1077.52 -0.00383570417
1078.52 1.63219149
1079.415 0.0466946065
1080.165 -0.338472572
1080.957 0.107597912
1081.807 -1.48380916
1082.657 0.599804961
1083.507 -0.218548913
1084.315 -1.068442
1085.065 -1.29108357
1085.836 -0.77903304
1086.636 -0.238769525
1087.478 0.662173172
1088.378 -0.569216924
1089.236 -0.0305676881
1090.036 0.723476759
1090.878 0.379389654
1091.778 0.726597817
1092.657 1.78371014
1093.507 1.5462775
1094.315 2.81391629
1095.065 1.48607775
1095.92 0.695202722
1096.92 0.023101809
1097.857 0.656572608
1098.707 1.26840331
1099.578 2.56132095
1100.478 0.632192739
1101.336 1.57028809
1102.136 1.0124133
1102.936 0.607706577
1103.736 0.500013168
1104.473 1.36502719
1105.123 0.0108840075
1105.857 1.27699183
1106.707 0.66216823
1107.536 0.030514707
1108.336 0.310245204
1109.136 0.174517746
1109.936 -0.847974451
1110.778 0.608259323
1111.678 0.803341116
1112.515 0.584243129
1113.265 1.56650422
1113.994 0.383614038
1114.694 0.0416590453
1115.415 -1.24392496
1116.165 -0.768118421
1116.915 -1.07054066
1117.665 -2.0785146
1118.457 -0.779441326
1119.307 -1.38565843
1120.136 -2.53341068
1120.936 -2.47302618
1121.778 -0.744624951
1122.678 -0.427239833
1123.536 -1.17945062
1124.336 -0.679546861
1125.136 -0.674275568
1125.936 0.229300437
1126.778 -0.655998006
1127.678 -0.970040096
1128.515 0.473128966
1129.265 -0.808494854
1130.036 0.522915667
1130.836 -0.618597692
1131.657 -0.204927809
1132.507 -0.4081815
1133.399 -0.658676361
1134.349 -0.995411379
1135.215 -0.184408051
1135.965 -0.557196395
1136.799 -0.402767181
1137.749 -1.0434902
1138.636 -0.959179575
1139.436 -0.977896829
1140.236 0.0503613201
1141.036 -0.584284342
1141.878 -0.72223866
1142.778 0.155447371
1143.678 1.21222298
1144.578 0.726711729
1145.457 0.0272210403
1146.307 1.24683155
1147.199 -0.28152378
1148.149 0.171712994
1149.099 0.435698929
1150.049 -0.795921809
1150.957 0.0420069059
1151.807 -0.175983382
1152.615 -1.91565347
1153.365 0.224502158
1154.115 -0.354420716
1154.865 0.504060705
1155.678 1.27714107
1156.578 1.16117262
1157.373 0.811184839
1158.023 1.92798465
1158.736 1.66518846
1159.536 0.621615746
1160.315 0.334106847
1161.065 0.468376922
1161.878 0.759963999
1162.778 0.7480901
1163.678 -0.715873053
1164.578 0.464982565
1165.478 0.407503302
1166.378 -0.0304808251
1167.257 0.343322812
1168.107 0.645559068
1168.957 0.425763011
1169.807 0.0452616338
1170.72 1.46600731
1171.72 2.22820976
1172.72 -0.104045878
1173.72 0.409056268
1174.636 0.300099464
1175.436 -0.169255781
1176.278 1.56934423
1177.178 -0.0790594052
1178.036 -0.312906315
1178.836 -0.306673888
1179.678 -0.440293199
1180.578 0.221146052
1181.478 0.388030357
1182.378 -0.529852505
1183.236 0.0408233131
1184.036 -0.652926141
1184.899 0.144224259
1185.849 1.09433719
1186.757 0.274767905
1187.607 0.463059339
1188.457 -0.376705733
1189.307 -1.50721051
1190.115 -2.0036659
1190.865 -0.83341622
1191.699 -1.75271517
1192.649 -2.2498162
1193.536 -1.2416597
1194.336 -0.301340259
1195.157 -0.399851234
1196.007 0.606866661
1196.92 -0.188347795
1197.92 1.53989442
1198.857 -0.967659279
1199.707 -0.562224789
1200.557 0.767817907
1201.407 0.391280235
1202.236 -0.394798795
1203.036 0.245830381
1203.857 -0.666348369
1204.707 -1.54093024
1205.473 0.509670311
1206.123 0.400834254
1206.899 -0.555562603
1207.849 -1.01911687
1208.736 -1.31229848
1209.536 -1.62088835
1210.294 0.562181192
1210.994 -0.17976368
1211.757 -0.544098899
1212.607 0.759704308
1213.478 0.0379201811
1214.378 0.212729539
1215.257 0.0844427565
1216.107 0.701760578
1216.978 -1.34366971
1217.878 -0.0758327669
1218.799 0.184954257
1219.749 -0.760518362
1220.699 0.293294361
1221.649 0.974494306
1222.515 -0.545923534
1223.265 0.802100397
1224.078 -0.160023301
1224.978 0.661581116
1225.815 1.30072226
1226.565 -0.0215182806
1227.357 0.301075125
1228.207 0.774467487
1229.057 -0.338501814
1229.907 -0.795068374
1230.82 0.40855886
1231.82 -0.0744824094
1232.757 0.76143397
1233.607 -0.524865734
1234.499 0.830503354
1235.449 -0.105326563
1236.399 0.457191582
1237.349 -0.368012393
1238.152 0.20727372
1238.752 0.749312734
1239.436 -0.405677958
1240.236 0.146987987
1241.12 -0.0544972823
1242.12 -0.155261402
1243.036 -0.600926772
1243.836 -0.4544777
1244.72 -0.405768147
1245.72 1.00558397
1246.636 0.928857409
1247.436 -0.501874427
1248.278 -0.506928036
1249.178 -0.751649831
1250.036 0.75649774
1250.836 -0.141473947
1251.678 -0.272792949
1252.578 1.23650745
1253.457 -0.162308967
1254.307 -0.582265392
1255.199 -0.368257915
1256.149 1.58996984
1257.078 -0.145507807
1257.978 0.756235598
1258.836 -0.366799212
1259.636 1.13711791
1260.436 -0.593368607
1261.236 -0.384301489
1262.057 1.28982516
1262.907 1.06393202
1263.778 0.222434614
1264.678 3.01243916
1265.599 -0.0130122507
1266.549 1.64383755
1267.478 -0.978547785
1268.378 1.36054473
1269.194 1.39861984
1269.894 0.130132725
1270.657 -0.266689112
1271.507 -0.791362412
1272.336 0.293317971
1273.136 -1.2801029
1273.957 -0.533057284
1274.807 -0.164071586
1275.699 -0.287051692
1276.649 -0.856810069
1277.578 -1.20258398
1278.478 -1.00783015
1279.357 1.43891716
1280.207 -1.04486875
1281.078 -1.91665331
1281.978 -0.853260646
1282.794 -1.01345107
1283.494 -0.55890447
1284.32 -0.865116811
1285.32 0.149245676
1286.257 0.600943749
1287.107 -0.483853561
1287.957 0.885462644
1288.807 -0.199723764
1289.657 -0.189353034
1290.507 0.362456885
1291.273 -0.733295295
1291.923 0.542467202
1292.615 -0.642169923
1293.365 -1.22285332
1294.157 0.133329006
1295.007 0.818972345
1295.878 0.262492764
1296.778 1.58690888
1297.678 0.866706048
1298.578 0.596806788
1299.394 0.385656459
1300.094 0.223707331
1300.836 -0.903099435
1301.636 0.301417703
1302.478 0.0760036274
1303.378 0.331796342
1304.278 -0.325792177
1305.178 0.0200144828
1306.099 -0.337688723
1307.049 0.0323971012
1307.873 -0.499103677
1308.523 0.461382676
1309.194 0.163112035
1309.894 1.28084612
1310.636 0.358444296
1311.436 -0.340101371
1312.257 -0.255418959
1313.107 0.20171856
1313.978 -0.372472755
1314.878 0.980322724
1315.715 0.333187339
1316.465 0.247957638
1317.215 0.171779122
1317.965 0.296974904
1318.757 0.10256791
1319.607 0.896893082
1320.478 1.38319346
1321.378 0.0343586689
1322.257 0.0528003263
1323.107 -0.372838127
1323.978 0.14112659
1324.878 -0.183818425
1325.778 -0.351483125
1326.678 0.28870322
1327.515 -0.626045543
1328.265 -0.0424386895
1329.078 -0.45979872
1329.978 -0.387731113
1330.92 -1.56837239
1331.92 -0.685198216
1332.857 -0.392291419
1333.707 -0.358656774
1334.599 0.0219960564
1335.549 -0.665441153
1336.457 0.23658782
1337.307 -0.414630711
1338.157 -0.401387984
1339.007 -0.681017654
1339.836 0.742815006
1340.636 0.337639044
1341.415 0.716080995
1342.165 1.19492736
1342.957 0.133958489
1343.807 0.321139059
1344.636 -1.13675766
1345.436 0.19613632
1346.278 0.0151117197
1347.178 0.249227784
1348.099 0.945375657
1349.049 -0.548739306
1349.915 -0.599456653
1350.665 0.00284232149
1351.52 0.152287741
1352.52 -0.153180164
1353.436 -0.183281046
1354.236 0.972524236
1354.973 -0.157046269
1355.623 0.646877769
1356.399 -0.391264981
1357.349 -0.026168179
1358.236 -0.252959668
1359.036 -0.847593722
1359.878 -0.337953761
1360.778 -0.922066788
1361.636 0.469718831
1362.436 0.168634776
1363.236 -0.410050679
1364.036 -0.226897101
1364.857 -0.780487333
1365.707 1.24956802
1366.557 -0.351965951
1367.407 -2.0044296
1368.236 -0.144527195
1369.036 -0.59849754
1369.899 -0.0986314905
1370.849 -0.734548175
1371.715 0.106390782
1372.465 -0.48583444
1373.341 0.506620918
1374.391 0.442504142
1375.357 0.478855494
1376.207 0.0264224818
1377.057 -0.281988229
1377.907 0.197469485
1378.799 0.288327053
1379.749 1.44189994
1380.657 0.494669195
1381.507 -0.310894379
1382.357 0.935981866
1383.207 -0.323552866
1384.078 -0.596699548
1384.978 0.273169124
1385.878 0.347906327
1386.778 -0.648198754
1387.636 1.6504715
1388.436 1.15588212
1389.32 1.0730301
1390.32 0.880871593
1391.215 0.258572339
1391.965 -0.269007775
1392.736 0.570372995
1393.536 0.725364637
1394.399 -0.226772233
1395.349 0.638612095
1396.257 0.627278254
1397.107 -0.0859890959
1397.978 0.889897543
1398.878 0.620002733
1399.757 2.0112085
1400.607 -0.374129299
1401.415 -1.14551676
1402.165 -1.30060476
1402.999 -1.43135581
1403.949 -0.234922231
1404.836 -0.502044809
1405.636 -0.201027458
1406.436 -0.185762827
1407.236 -1.29204711
1408.057 0.0894775182
1408.907 -0.945409517
1409.736 -0.0704778639
1410.536 0.403121336
1411.357 -0.204669935
1412.207 -0.299788707
1413.036 -0.418755857
1413.836 -0.00333703627
1414.615 -1.26668662
1415.365 0.232222324
1416.136 -0.429290363
1416.936 -0.198778975
1417.757 -1.4518191
1418.607 0.00429004382
1419.499 0.723769823
1420.449 1.04435051
1421.399 0.0867667811
1422.349 -0.133175127
1423.257 -0.0808988437
1424.107 0.24764728
1424.999 -0.157113959
1425.949 0.376051245
1426.836 -0.162086412
1427.636 -0.0485601717
1428.436 -0.329836574
1429.236 -0.520962412
1430.057 -0.543438417
1430.907 0.677637242
1431.841 1.28405735
1432.891 0.202159031
1433.836 -0.0530017766
1434.636 0.9621586
1435.478 -0.348251827
1436.378 0.550911533
1437.236 -0.0857667014
1438.036 0.809731921
1438.899 2.39954793
1439.849 0.070447493
1440.778 -1.1858879
1441.678 -3.25721234
1442.578 -3.57119058
1443.478 -1.5710448
1444.357 -0.784423988
1445.207 -0.476501268
1446.078 -1.10991303
1446.978 -1.2819671
1447.857 0.396174894
1448.707 0.383158271
1449.62 -0.757183308
1450.62 -0.406530586
1451.557 0.522400632
1452.407 -0.910482489
1453.341 0.701137343
1454.391 -0.438362671
1455.42 -0.580960869
1456.42 -0.082116571
1457.399 1.12531118
1458.349 -0.0029048814
1459.278 1.6124868
1460.178 -0.39448544
1461.078 0.276269061
1461.978 2.36515582
1462.857 1.90234834
1463.707 0.980779461
1464.578 0.186059322
1465.478 -1.84124179
1466.399 -0.632304529
1467.349 -0.106357477
1468.32 1.23611235
1469.32 0.655901519
1470.299 -0.420870844
1471.249 -0.0584016019
1472.241 0.292731379
1473.291 -0.113069022
1474.341 -0.210932918
1475.391 1.21245446
1476.399 -0.576045272
1477.349 0.630878379
1478.299 1.06329221
1479.249 1.40367747
1480.178 0.260321462
1481.078 1.60965996
1482.02 1.57358365
1483.02 0.983881084
1483.957 0.913760749
1484.807 -0.508381761
1485.72 -0.521193577
1486.72 0.244511967
1487.699 -0.490196808
1488.649 -1.37902407
1489.62 -0.572795344
1490.62 -0.664192226
1491.62 -0.0652102464
1492.62 -0.156034584
1493.578 -0.96112683
1494.478 -1.41855264
1495.441 -0.796688765
1496.491 -0.610637541
1497.52 -0.266199682
1498.52 0.246642699
1499.499 -1.48511126
1500.449 -0.23985802
1501.336 -0.93072952
1502.136 -1.20279041
1502.978 -0.314038565
1503.878 -1.40416196
1504.757 -1.80998743
1505.607 -0.795742619
1506.436 -1.77187677
1507.236 -1.51602334
1508.015 -0.619727769
1508.765 0.426317306
1509.536 0.0731828007
1510.336 0.000461893014
1511.136 0.197624389
1511.936 -0.412997853
1512.694 -0.226224771
1513.394 0.898164591
1514.094 0.871324417
1514.794 0.990171183
1515.452 0.666984917
1516.052 -0.206022967
1516.652 0.927577674
1517.252 1.01256851
1517.873 0.22197736
1518.523 1.15463033
1519.152 0.48436233
1519.752 0.22348971
1520.352 0.441407521
1520.952 0.748054482
1521.552 -0.452634421
1522.152 -0.385617376
1522.71 0.258007522
1523.21 0.479801561
1523.752 1.1458323
1524.352 0.944191365
1524.952 0.657242437
1525.552 -1.05241132
1526.11 1.15544585
1526.61 0.432873137
1527.11 -1.0044512
1527.61 0.11277525
1528.089 0.753136808
1528.539 1.00280095
1529.01 0.335193259
1529.51 0.517254163
1530.052 1.59656586
1530.652 -0.399333542
1531.273 -0.471339188
1531.923 0.190751579
1532.573 1.41410834
1533.223 0.406002362
1533.873 0.777194346
1534.523 0.736605712
1535.11 -0.355057984
1535.61 -0.777732139
1536.173 0.386284439
1536.823 -0.0195843598
1537.389 -0.999944462
1537.839 -0.0382518945
1538.373 -0.116539471
1539.023 -1.40433747
1539.652 -1.11042513
1540.252 -0.386545143
1540.831 -0.399986475
1541.381 0.124836693
1541.973 0.431431978
1542.623 0.268199172
1543.273 -0.573116058
1543.923 -1.25751827
1544.552 -2.52544006
1545.152 -1.42327397
1545.752 -1.14379896
1546.352 -0.230687404
1546.952 -1.81173943
1547.552 -1.42372218
1548.11 -1.55870988
1548.61 0.127199432
1549.173 0.282396509
1549.823 0.134413415
1550.431 0.686762381
1550.981 2.49618661
1551.51 0.911582869
1552.01 -0.0269202892
1552.531 0.348411293
1553.081 -1.15445824
1553.673 0.0854320656
1554.323 0.755074364
1554.994 -0.364270544
1555.694 0.399874052
1556.352 0.732717977
1556.952 0.753235078
1557.51 1.25312094
1558.01 0.0823202334
1558.594 0.289866268
1559.294 0.605821216
1559.91 1.58597323
1560.41 0.168035408
1560.952 0.77808775
1561.552 1.25099127
1562.152 0.271747904
1562.752 0.575762767
1563.352 1.23211143
1563.952 -0.221208783
1564.51 0.232402404
1565.01 -0.96543384
1565.594 -1.27405258
1566.294 -1.51000538
1566.994 -1.8300725
1567.694 -1.87035874
1568.373 -0.674148448
1569.023 0.688210873
1569.673 0.695576313
1570.323 -0.994858396
1570.952 -0.848822829
1571.552 -1.20021537
1572.131 -0.176576112
1572.681 -0.16327272
1573.252 -0.853688252
1573.852 0.0276817929
1574.494 -1.40803862
1575.194 -1.05515878
1575.81 -0.455162235
1576.31 -0.50101618
1576.894 -0.471754358
1577.594 0.103482181
1578.294 -1.02185411
1578.994 -0.906416358
1579.694 0.0815362149
1580.394 0.449460537
1581.094 -0.201500952
1581.794 0.834128735
1582.431 1.31663693
1582.981 0.580742667
1583.552 0.72048604
1584.152 -0.342253416
1584.794 1.04016507
1585.494 0.677954801
1586.215 0.697368303
1586.965 1.32596219
1587.631 0.774714621
1588.181 1.16234811
1588.731 0.437549375
1589.281 0.400826574
1589.852 -0.437333739
1590.452 1.391691
1591.115 1.68179606
1591.865 -0.601159763
1592.552 1.88810311
1593.152 -1.4810207
1593.794 -0.331935631
1594.494 0.367715251
1595.173 0.139314887
1595.823 -1.53280684
1596.494 -0.177319358
1597.194 -0.826902234
1597.873 -0.723727195
1598.523 -1.05013441
1599.194 -0.0437295499
1599.894 -0.193297989
1600.573 0.494111235
1601.223 -0.00388529427
1601.852 -0.194119229
1602.452 0.612672424
1603.052 0.13498361
1603.652 -0.136790584
1604.315 0.69264607
1605.065 0.119876095
1605.752 -0.770838458
1606.352 -1.26221909
1606.952 -1.04435028
1607.552 -0.0481199072
1608.194 -1.1869018
1608.894 -0.518765834
1609.573 0.478565448
1610.223 1.87933636
1610.915 0.530290271
1611.665 1.47715007
1612.394 -0.202024597
1613.094 0.820026774
1613.773 1.23137107
1614.423 -1.11385695
1615.052 0.132882304
1615.652 -0.736667461
1616.252 -0.7509059
1616.852 -0.433902833
1617.452 0.224722131
1618.052 -0.0445715228
1618.673 -0.364295396
1619.323 -0.358420668
1619.952 -0.232194486
1620.552 0.107401449
1621.173 -0.25965867
1621.823 0.755887628
1622.494 -0.209470262
1623.194 -0.41411642
1623.873 -0.150840749
1624.523 -0.327908313
1625.152 -0.273251658
1625.752 0.481234629
1626.394 -0.207186999
1627.094 0.800998463
1627.773 -0.0594022532
1628.423 -0.291238858
1629.031 0.580114316
1629.581 0.0639197829
1630.215 1.31210151
1630.965 0.116110379
1631.652 1.5149704
1632.252 1.09003671
1632.894 0.849592053
1633.594 1.80935652
1634.273 0.788931077
1634.923 0.597423102
1635.552 0.612162596
1636.152 0.629376074
1636.71 0.792007703
1637.21 0.423105141
1637.731 1.96480156
1638.281 -0.0431691821
1638.873 -0.907548945
1639.523 -1.52015016
1640.152 -2.03093832
1640.752 -2.66433635
1641.352 -1.51628933
1641.952 -0.418171997
1642.489 -1.13461758
1642.939 -0.623603637
1643.473 0.0964963821
1644.123 -1.70877059
1644.731 -0.703911784
1645.281 -0.717100405
1645.81 0.212986099
1646.31 -0.326786308
1646.831 -0.167060535
1647.381 -0.486895824
1647.952 -0.539468666
1648.552 -0.277555655
1649.089 -0.235741317
1649.539 -1.87248583
1650.01 -1.33035208
1650.51 -0.124799731
1651.031 -1.13991285
1651.581 -0.18884379
1652.11 -0.289814686
1652.61 0.544437775
1653.089 -0.579464003
1653.539 -0.441336346
1653.947 -0.557371549
1654.297 -0.532680257
1654.668 -1.09579492
1655.068 -0.222427136
1655.468 1.35217542
1655.868 0.0770274478
1656.268 0.395652829
1656.668 0.76487606
1657.047 1.58356528
1657.397 0.0734448601
1657.789 0.280257894
1658.239 1.57693871
1658.689 -0.161924671
1659.139 -0.432256914
1659.568 -0.805301418
1659.968 0.664595915
1660.368 0.164785583
1660.768 0.685465694
1661.168 -0.181760256
1661.568 -0.918618279
1661.989 0.546657147
1662.439 -0.508160344
1662.826 0.22891764
1663.126 0.0982271842
1663.468 0.132562514
1663.868 1.60351925
1664.247 0.0602625102
1664.597 0.770349314
1664.926 0.574637894
1665.226 -0.144499747
1665.547 1.33773797
1665.897 0.263913835
1666.247 1.15510362
1666.597 1.26213709
1666.968 0.0777856853
1667.368 0.536463494
1667.789 -0.0280559292
1668.239 -0.1909931
1668.668 0.977922111
1669.068 0.463827742
1669.426 0.549661728
1669.726 0.0337588777
1670.047 0.161937961
1670.397 -0.542815992
1670.768 0.0169116144
1671.168 0.306487942
1671.589 -0.149819574
1672.039 -0.852601794
1672.468 -0.00673032632
1672.868 0.406553603
1673.226 0.212900681
1673.526 0.181085899
1673.889 0.370458724
1674.339 -1.10096841
1674.768 -0.481423508
1675.168 -0.925023222
1675.568 0.817924567
1675.968 -0.0611104502
1676.347 -0.657323582
1676.697 0.309243372
1677.068 -0.632084992
1677.468 -0.466767136
1677.868 -0.970631336
1678.268 -1.311646
1678.626 -0.0473237281
1678.926 0.415727294
1679.289 0.561022447
1679.739 0.488333642
1680.168 0.318608548
1680.568 -0.125037469
1680.989 0.0471214761
1681.439 0.281347372
1681.868 0.042004381
1682.268 -0.362482254
1682.647 -0.55163151
1682.997 0.0819863635
1683.368 -0.399244549
1683.768 1.41891394
1684.189 -1.01668802
1684.639 0.333813347
1685.089 -0.454860484
1685.539 -0.766523396
1685.947 -1.42671981
1686.297 -1.06191833
1686.626 -0.50222565
1686.926 -0.563489563
1687.226 -0.735435893
1687.526 1.34421071
1687.868 0.537762896
1688.268 0.850940521
1688.647 -0.307444268
1688.997 0.32341012
1689.368 -0.078381588
1689.768 0.821058012
1690.189 -0.573640715
1690.639 -0.440533531
1691.047 -0.442899881
1691.397 0.330075444
1691.768 0.185831254
1692.168 -1.77372786
1692.547 -1.17427711
1692.897 -0.112456555
1693.268 0.530315064
1693.668 -0.360696781
1694.047 1.2617276
1694.397 0.658347042
1694.747 1.08279667
1695.097 1.96244389
1695.468 1.72106403
1695.868 1.55759195
1696.247 1.26634896
1696.597 -0.384196314
1696.926 0.0525228951
1697.226 -0.068649508
1697.547 0.0907581419
1697.897 0.382516925
1698.247 -0.130191416
1698.597 1.23817793
1698.968 -0.582378583
1699.368 -0.339735961
1699.747 0.215638914
1700.097 0.809703633
1700.468 -1.79460665
1700.868 -0.628264965
1701.247 -2.08201479
1701.597 -0.666310869
1701.947 -1.0620745
1702.297 0.113391883
1702.647 0.110819275
1702.997 -0.637291799
1703.368 -1.95019583
1703.768 0.619891225
1704.147 -1.76675455
1704.497 -0.288444634
1704.847 0.642929081
1705.197 -0.514640241
1705.526 0.0166275995
1705.826 0.398839995
1706.189 0.403713214
1706.639 -0.058015427
1707.047 -0.0391130972
1707.397 0.352346304
1707.747 -1.82488039
1708.097 -1.92810017
1708.468 -1.6141822
1708.868 -1.51791617
1709.268 -0.465274771
1709.668 -0.380027146
1710.047 0.246398539
1710.397 0.7256231
1710.747 0.0332013379
1711.097 1.56483063
1711.447 0.0274643353
1711.797 0.458160434
1712.147 0.731894468
1712.497 0.807479785
1712.868 0.580527157
1713.268 1.30430826
1713.647 1.87468309
1713.997 -0.0942513951
1714.389 1.26377536
1714.839 0.175587166
1715.268 0.646938793
1715.668 1.50349815
1716.047 0.359002834
1716.397 0.763270096
1716.789 1.35022466
1717.239 -0.02144095
1717.689 -0.240482113
1718.139 -0.215230862
1718.547 -0.263584634
1718.897 -0.267006292
1719.247 -0.297277957
1719.597 -0.679280986
1719.947 0.0145979627
1720.297 0.951267868
1720.668 0.0367402509
1721.068 0.113950483
1721.489 -0.992613923
1721.939 -1.39656668
1722.41 -0.104634755
1722.91 -1.78055709
1723.347 -0.937114798
1723.697 -0.428911042
1724.026 0.669534278
1724.326 -0.186365134
1724.668 -0.42040221
1725.068 -0.545045885
1725.447 -0.998556034
1725.797 0.561788395
1726.168 1.85531484
1726.568 0.65333567
1726.947 -0.708144507
1727.297 -0.349883906
1727.605 0.769366517
1727.855 0.610740738
1728.189 0.158304557
1728.639 -0.143023585
1729.089 -0.0124020035
1729.539 -0.590381446
1729.926 -1.3010613
1730.226 0.297298666
1730.568 -0.315712766
1730.968 -0.906586329
1731.368 -0.655599039
1731.768 -0.930439139
1732.168 -1.19956046
1732.568 -1.0585858
1732.968 -1.3427396
1733.368 -0.188138066
1733.768 0.351644938
1734.168 -0.0141773464
1734.568 -0.134803399
1734.968 0.580469144
1735.347 0.37097833
1735.697 1.04964687
1736.047 0.129622577
1736.397 0.363436302
1736.768 0.164044893
1737.168 0.571005852
1737.568 1.61752826
1737.968 0.799691553
1738.368 0.142061431
1738.768 -0.508646192
1739.147 -0.482743967
1739.497 -0.0726754081
1739.868 -0.0362307177
1740.268 0.457779095
1740.647 1.37722104
1740.997 0.892343541
1741.368 0.124168406
1741.768 0.0754229184
1742.147 0.0315447412
1742.497 0.513784802
1742.826 0.468823895
1743.126 0.217784065
1743.468 0.204902556
1743.868 0.0155056548
1744.268 0.338458752
1744.668 0.0733068612
1745.068 0.220030449
1745.468 0.0406741142
1745.868 -0.348854082
1746.268 0.2742779
1746.647 -0.493512933
1746.997 -1.53355717
1747.347 0.904871447
1747.697 -0.975751634
1748.026 -0.039571163
1748.326 0.954290896
1748.689 -0.385563639
1749.139 1.8923047
1749.547 0.607825628
1749.897 0.583733814
1750.247 -0.0865272032
1750.597 -0.477456642
1750.968 -0.286214155
1751.368 0.300793693
1751.768 -0.206937189
1752.168 -0.437404421
1752.568 0.119116365
1752.968 -1.47879101
1753.347 -2.08007271
1753.697 -0.967594842
1754.068 -0.840235891
1754.468 -0.70677472
1754.868 0.70328295
1755.268 -0.245049426
1755.668 -0.532985847
1756.068 0.590053897
1756.426 -0.695892736
1756.726 -0.646387994
1757.11 -0.28050571
1757.61 -0.504098776
1758.068 0.582493335
1758.468 1.93792233
1758.868 0.188849157
1759.268 0.229647813
1759.668 -0.787037057
1760.068 0.15528134
1760.447 -1.38741463
1760.797 0.388916717
1761.21 -1.0434163
1761.71 0.698572805
1762.168 0.582915429
1762.568 1.28623039
1763.01 1.36651849
1763.51 1.15103244
1763.968 0.776948569
1764.368 0.213763759
1764.747 0.850845774
1765.097 1.56111983
1765.426 -0.483662933
1765.726 -0.12261136
1766.068 0.274381896
1766.468 -0.407292238
1766.868 0.214383645
1767.268 0.0960563186
1767.626 -0.653148807
1767.926 0.31432034
1768.268 0.26471116
1768.668 -0.017638201
1769.068 0.645085495
1769.468 0.630307135
1769.868 -0.66339875
1770.268 -0.851264846
1770.689 0.0348244211
1771.139 -1.23508913
1771.568 -5.70807718
1771.968 -8.789224
1772.389 -11.9068329
1772.839 -9.1563593
1773.226 -3.37979612
1773.526 -4.00219844
1773.889 -6.40237545
1774.339 -5.2905932
1774.726 -2.64887414
1775.026 -0.899616583
1775.368 0.0837902121
1775.768 1.81090833
1776.147 0.340586116
1776.497 -0.126893604
1776.868 -0.589415132
1777.268 -0.791154947
1777.71 -0.0762023064
1778.21 -0.24496866
1778.689 1.22827407
1779.139 -1.66898752
1779.568 -2.01592879
1779.968 -0.250635792
1780.389 0.242050802
1780.839 -0.39394176
1781.268 0.539542528
1781.668 -0.101895145
1782.089 0.198446703
1782.539 -0.121679705
1782.947 0.905357831
1783.297 -0.48061703
1783.689 0.16142278
1784.139 -0.855197461
1784.589 -0.0970008434
1785.039 -2.04144544
1785.468 -4.50040208
1785.868 -2.45514587
1786.268 -0.333336364
1786.668 -0.0840866073
1787.047 -1.5633249
1787.397 -1.02335217
1787.747 -0.0896236398
1788.097 0.64176998
1788.468 0.78875302
1788.868 1.25492709
1789.247 1.5145338
1789.597 0.764318687
1789.968 1.2579751
1790.368 0.856527693
1790.747 0.89028103
1791.097 -1.71150515
1791.468 -0.0912710023
1791.868 0.394018482
1792.247 0.62853743
1792.597 -0.719865646
1792.989 -0.688812287
1793.439 0.303807207
1793.889 -0.787857097
1794.339 -0.262925677
1794.81 1.53951524
1795.31 0.835750804
1795.747 -1.50014374
1796.097 -0.411195876
1796.489 -1.37996341
1796.939 -2.26571125
1797.389 0.995633697
1797.839 1.35900379
1798.289 2.07524009
1798.739 2.48252711
1799.168 0.875227769
1799.568 0.493284782
1799.968 1.62386782
1800.368 2.08100453
1800.726 0.19601096
1801.026 0.875490019
1801.389 0.286762101
1801.839 -0.729942797
1802.268 0.418336611
1802.668 -1.3175988
1803.026 -0.679459756
1803.326 -0.4878406
1803.668 -1.28750072
1804.068 -0.999025661
1804.468 -2.64559021
1804.868 -1.99624159
1805.31 -0.757282523
1805.81 0.548215433
1806.247 1.09574586
1806.597 0.625223737
1806.947 0.838582786
1807.297 -0.524112443
1807.668 -0.58952092
1808.068 -0.932498079
1808.468 -0.281615411
1808.868 -0.409778955
1809.268 0.153158388
1809.668 0.451033442
1810.089 -0.52011012
1810.539 -2.03517094
1810.968 -2.03969487
1811.368 0.850391736
1811.81 1.22732721
1812.31 -0.171880873
1812.789 -1.23677468
1813.239 -2.57904603
1813.668 -2.47835659
1814.068 -1.46193133
1814.489 -1.59465944
1814.939 1.19714919
1815.368 0.669338509
1815.768 0.328858333
1816.189 0.627726363
1816.639 1.56467298
1817.089 1.26356622
1817.539 2.10776647
1817.947 0.937421253
1818.297 -0.458523751
1818.668 -0.081887816
1819.068 -0.398040277
1819.468 -0.0937562856
1819.868 0.963136525
1820.289 1.78034879
1820.739 1.26775227
1821.168 1.75196962
1821.568 1.30544893
1821.968 -1.91532021
1822.368 -2.00309377
1822.789 -3.95215509
1823.239 -4.11898424
1823.689 -4.33629782
1824.139 -8.40636597
1824.61 -8.48314911
1825.11 -10.6162513
1825.568 -5.59942437
1825.968 -3.64222047
1826.389 -2.75278657
1826.839 -1.05784988
1827.247 -0.873161516
1827.597 -1.44513828
1827.947 -1.73875271
1828.297 -0.599169014
1828.668 1.20053021
1829.068 1.44886521
1829.51 0.150231129
1830.01 0.715110609
1830.468 0.572891677
1830.868 -0.273129095
1831.247 1.67275666
1831.597 2.22210025
1831.989 -1.48508837
1832.439 0.785607367
1832.847 0.855470747
1833.197 -0.692621729
1833.589 -0.778788902
1834.039 1.3121777
1834.468 1.76751547
1834.868 -0.335409415
1835.247 0.797762353
1835.597 0.412270845
1835.989 -0.73341064
1836.439 -2.96128141
1836.868 -1.62667888
1837.268 -3.1777369
1837.668 -3.49710436
1838.068 -0.971278314
1838.468 -0.270466992
1838.868 1.53684783
1839.268 1.60883098
1839.668 2.18399361
1840.068 1.21431303
1840.468 2.25471777
1840.889 1.63090296
1841.339 1.05729815
1841.768 -0.311860166
1842.168 -0.545875848
1842.589 0.0293400137
1843.039 -1.60848315
1843.468 -0.956931809
1843.868 -0.793863044
1844.268 1.25958448
1844.668 -0.0635298302
1845.089 -0.913600442
1845.539 -2.14250684
1845.989 -2.98813652
1846.439 -2.21753179
1846.868 -2.39087831
1847.268 -4.20423937
1847.668 -4.23800312
1848.068 -4.28180226
1848.426 -3.9045907
1848.726 -2.52064084
1849.068 -1.16087953
1849.468 0.759393161
1849.868 0.865538967
1850.268 -1.01532914
1850.668 -0.690957518
1851.068 -1.12143694
1851.51 0.0651917699
1852.01 1.72971477
1852.468 2.4343159
1852.868 2.54873394
1853.247 2.99381606
1853.597 2.45575483
1853.947 0.0788751791
1854.297 -1.24071438
1854.647 -2.55187477
1854.997 -2.91542227
1855.368 -5.09296577
1855.768 -2.27784357
1856.147 -2.13608412
1856.497 -0.425199861
1856.889 1.75085951
1857.339 2.4099201
1857.768 1.01292378
1858.168 1.46114539
1858.547 2.98788213
1858.897 0.496993183
1859.268 -0.789773771
1859.668 -2.72531671
1860.089 -3.63228733
1860.539 0.52830346
1860.947 0.0142046709
1861.297 2.06540453
1861.689 1.3517777
1862.139 2.33877386
1862.589 -1.38333972
1863.039 -1.86310536
1863.489 0.0697648596
1863.939 1.20207329
1864.347 1.54720472
1864.697 -0.5923543
1865.089 -1.97416486
1865.539 0.40083767
1865.968 -0.30916999
1866.368 0.125023797
1866.831 0.778285907
1867.381 0.615122315
1867.805 0.340466108
1868.055 -1.10053188
1868.368 -1.17762378
1868.768 -1.5652156
1869.21 -0.518087379
1869.71 0.265408291
1870.21 0.0676442518
1870.71 -1.01419156
1871.189 -0.964937597
1871.639 -0.0231503898
1872.089 1.28199567
1872.539 -2.00603074
1873.01 -4.45241498
1873.51 -5.51452864
1873.968 -6.77611201
1874.368 -6.51547152
1874.789 -8.12578181
1875.239 -5.64726321
1875.668 -3.08051005
1876.068 -0.145446922
1876.468 0.613261457
1876.868 1.69237099
1877.289 0.721021779
1877.739 2.30135026
1878.189 0.561858828
1878.639 2.5192136
1879.068 2.6111035
1879.468 0.516887884
1879.847 -0.453812939
1880.197 1.1497616
1880.589 0.174221161
1881.039 -4.11927423
1881.489 -5.53695927
1881.939 -4.31262162
1882.389 -3.84279022
1882.839 -3.0958203
1883.247 -2.24787165
1883.597 -2.19504408
1883.947 0.170334102
1884.297 -0.494614049
1884.668 -2.05506755
1885.068 0.0812009186
1885.426 1.81975738
1885.726 0.766572711
1886.089 0.222796918
1886.539 -0.392104695
1886.989 0.787481448
1887.439 0.252352481
1887.847 -1.69856146
1888.197 -3.32621747
1888.589 -3.67700086
1889.039 -3.53285055
1889.447 -2.10529451
1889.797 -1.09747314
1890.168 -1.90730513
1890.568 -2.37086093
1890.968 -0.586344935
1891.368 -0.873963192
1891.768 1.01993894
1892.168 -0.597450513
1892.547 -0.589059415
1892.897 -0.30753883
1893.247 0.97605544
1893.597 -0.0371401272
1893.989 0.803141248
1894.439 0.625199245
1894.889 1.02967417
1895.339 -0.573792958
1895.768 -1.51214397
1896.168 -1.27515594
1896.547 -0.0199160741
1896.897 -0.902129906
1897.289 0.944944419
1897.739 -0.563366491
1898.126 -0.188399651
1898.426 -0.184003596
1898.747 2.4293437
1899.097 1.30400232
1899.405 0.700194442
1899.655 -0.11149771
1899.968 0.795907191
1900.368 1.91129256
1900.726 0.663639728
1901.026 -0.0118128051
1901.347 1.57589379
1901.697 2.27308968
1902.026 1.23739131
1902.326 1.03824127
1902.647 0.978324216
1902.997 0.204283743
1903.347 1.29453882
1903.697 1.64292286
1904.026 1.36584787
1904.326 0.543487033
1904.584 3.42459457
1904.784 1.42199422
1904.963 1.39924522
1905.113 -0.26711208
1905.263 -0.477662177
1905.413 -0.634336918
1905.563 -1.09682375
1905.713 -0.254149067
1905.863 0.689356581
1906.013 0.424004186
1906.163 -0.0406640171
1906.313 0.726247703
1906.463 1.34387009
1906.613 -0.138744529
1906.763 0.000418021785
1906.913 -0.0312297195
1907.063 -0.189385126
1907.213 0.882554914
1907.384 -0.0895093328
1907.584 0.144609918
1907.805 -0.629232304
1908.055 0.972516465
1908.326 -0.539723025
1908.626 -2.15031105
1908.926 -1.67929015
1909.226 -2.1504273
1909.526 -1.38952221
1909.826 -0.157743439
1910.126 -1.22977543
1910.426 -1.14258766
1910.747 -1.04717616
1911.097 -0.268317758
1911.447 -0.644005229
1911.797 -0.959883246
1912.126 -0.811611526
1912.426 -0.74257962
1912.726 -1.48457634
1913.026 -0.81758619
1913.347 -1.50771752
1913.697 -0.987476419
1914.215 -1.84713918
1914.965 -1.60615472
1915.736 -2.22063006
1916.536 -0.417056819
1917.336 -0.347295288
1918.136 1.13221786
1918.957 0.0728120944
1919.807 1.0579982
1920.636 0.0312671399
1921.436 1.75447283
1922.236 2.16247599
1923.036 1.04228343
1923.836 0.779979346
1924.636 -0.698033192
1925.415 -0.113601991
1926.165 0.59513931
1926.957 1.0661658
1927.807 1.5214722
1928.636 0.147839314
1929.436 -0.833531772
1930.278 -0.931023997
1931.178 -0.338886991
1932.078 0.228908604
1932.978 -2.0944709
1933.857 -1.26179835
1934.707 0.100365151
1935.578 -0.830972137
1936.478 0.892459708
1937.378 0.151968114
1938.278 0.47684884
1939.178 0.119629546
1940.078 -0.213281091
1940.999 0.329309303
1941.949 -0.729210686
1942.878 -1.0513221
1943.778 -1.75718829
1944.678 -2.38577379
1945.578 -3.37906023
1946.478 -3.6931074
1947.378 -4.17110144
1948.215 -5.02841891
1948.965 -3.74226545
1949.694 -0.546748804
1950.394 -0.0128914277
1951.094 0.705355027
1951.794 0.769059704
1952.515 0.264159347
1953.265 -0.636957042
1953.994 0.625001063
1954.694 0.465070024
1955.394 0.731917006
1956.094 1.06248376
1956.815 1.51714491
1957.565 1.48882805
1958.315 0.568924964
1959.065 1.56955352
1959.794 1.38292665
1960.494 1.16420089
1961.215 -0.17071633
1961.965 -0.196090527
1962.652 -1.02208477
1963.252 -1.23974481
1963.873 0.00659532405
1964.523 0.317480553
1965.173 1.04364925
1965.823 -0.339171228
1966.473 -0.998779608
1967.123 -1.98069514
1967.752 -0.811343438
1968.352 0.281517682
1968.973 1.75700599
1969.623 0.0959753289
1970.273 0.232475277
1970.923 -1.55477883
1971.573 -0.619693233
1972.223 0.848184595
1972.852 0.157674991
1973.452 0.605418818
1974.073 1.87886119
1974.723 0.710344616
1975.226 -0.777333912
1975.526 -3.10136538
1975.805 -3.58329603
1976.055 -2.07343814
1976.326 -0.736689205
1976.626 -0.990135872
1976.905 -2.78479274
1977.155 -0.998851136
1977.426 -0.790058431
1977.726 -0.0366510708
1978.005 0.246495081
1978.255 0.35557385
1978.526 0.0190489621
1978.826 -0.036350328
1979.105 0.559510255
1979.355 0.406676665
1979.626 1.23819687
1979.926 0.396732913
1980.205 1.19895621
1980.455 2.70829028
1980.705 -0.284293495
1980.955 0.172937896
1981.226 -0.319016961
1981.526 -1.27585072
1981.805 -1.75860157
1982.055 0.5136291
1982.305 0.0483353529
1982.555 -0.209172985
1982.826 1.17738768
1983.126 1.36312849
1983.405 -0.182326639
1983.655 -3.90457022
1983.905 -2.41023506
1984.155 -1.47841153
1984.426 -0.0685102359
1984.726 -1.96241478
1985.005 -5.2795599
1985.255 -4.57875399
1985.526 -4.14122882
1985.826 -1.03515853
1986.147 -1.20488797
1986.497 0.670616973
1986.868 -0.253343965
1987.268 -0.513272367
1987.647 0.408314829
1987.997 0.407382029
1988.368 0.596224615
1988.768 1.18243857
1989.147 0.564234316
1989.497 0.167772804
1989.868 -2.16777287
1990.268 -3.02978011
1990.668 -1.64460785
1991.068 0.430644762
1991.447 0.733723629
1991.797 -0.62883111
1992.168 -0.41789773
1992.568 0.519618974
1992.968 0.937185371
1993.368 0.732699093
1993.705 0.245282646
1993.955 1.11824744
1994.226 0.460171107
1994.526 1.3733872
1994.805 2.87841526
1995.055 1.38636318
1995.305 0.686713323
1995.555 0.615357085
1995.826 0.970728956
1996.126 -0.318961659
1996.405 -0.409805072
1996.655 1.09427741
1996.905 3.29688134
1997.155 1.91216352
1997.426 -0.753427425
1997.726 -2.05989685
1998.005 0.064936113
1998.255 0.198324544
1998.505 -0.131085258
1998.755 0.148878815
1999.068 0.353787024
1999.468 -0.627776069
1999.868 0.964739351
2000.268 -0.747504356
2000.668 -2.84598053
2001.068 -1.84803604
2001.468 1.02198515
2001.868 0.22356842
2002.268 -0.466298005
2002.668 -0.510619133
2003.068 -1.48668786
2003.468 -0.446040515
2003.868 -0.885660594
2004.268 -1.05852302
2004.668 -1.23893058
2005.068 -0.338204667
2005.468 -1.56368567
2005.868 -0.708481016
2006.268 0.514317425
2006.668 -0.274259489
2007.089 0.0808128659
2007.539 -1.00195872
2007.968 -0.353932876
2008.368 -1.46768893
2008.789 -0.714403358
2009.239 -1.12133237
2009.668 -0.650628835
2010.068 -0.87259234
2010.489 -0.605531009
2010.939 0.174358227
2011.368 1.48584329
2011.768 1.12113352
2012.189 1.74137084
2012.639 1.91011529
2013.068 0.917439219
2013.468 1.23046357
2013.889 0.881890356
2014.339 0.592025473
2014.768 1.55974549
2015.168 1.34836148
2015.484 0.79330302
2015.684 -0.603381506
2015.884 0.0153424629
2016.084 0.37591523
2016.284 0.162204423
2016.484 -0.525513813
2016.684 -1.21447462
2016.884 0.445024666
2017.084 -0.832218822
2017.284 -0.378988776
2017.484 -0.0347250071
2017.684 0.641726549
2017.884 -0.814044557
2018.084 0.631066709
2018.284 -0.112623133
2018.484 -3.3379317
2018.684 -2.62175681
2018.884 -1.00970981
2019.084 0.0363733554
2019.284 0.867195072
2019.484 0.701444259
2019.684 0.489878246
2019.863 -1.43473182
2020.013 -0.352127318
2020.184 -0.863704662
2020.384 -2.02978484
2020.563 -0.564853712
2020.713 0.0683403374
2020.884 -1.04865989
2021.084 -0.402530605
2021.284 0.137826107
2021.484 1.11375887
2021.663 1.19588034
2021.813 1.27874809
