%       Frequency   Period/Wavelength   Periodogram      Bayes Prob
  0.000624997656  1600.006000000000  0.599778179894  0.000045586731
  0.001249995313  800.003000000000  6.077803703754  0.011054381838
  0.001874992969  533.335333333333  1.974397628939  0.000180392383
  0.002499990625  400.001500000000  4.972942348235  0.003644941591
  0.003124988281  320.001200000000  5.115487123290  0.004205631588
  0.003749985938  266.667666666667  0.280700203845  0.000033133821
  0.004374983594  228.572285714286  4.741009972976  0.002888007053
  0.004999981250  200.000750000000  0.544554363853  0.000043137365
  0.005624978906  177.778444444444  1.724838867885  0.000140512425
  0.006249976563  160.000600000000  0.762006881029  0.000053617191
  0.006874974219  145.455090909091  0.140318611185  0.000028795141
  0.007499971875  133.333833333333  2.732747698791  0.000385542839
  0.008124969531  123.077384615385  1.788885886440  0.000149816286
  0.008749967188  114.286142857143  0.863285147314  0.000059333512
  0.009374964844  106.667066666667  0.194452984767  0.000030396458
  0.009999962500  100.000375000000  0.901297450667  0.000061633074
  0.010624960156  94.118000000000  0.042759847157  0.000026119468
  0.011249957813  88.889222222222  0.488281787723  0.000040776920
  0.011874955469  84.210842105263  1.411263958408  0.000102662092
  0.012499953125  80.000300000000  3.649699280654  0.000966475134
  0.013124950781  76.190761904762  0.543421040976  0.000043088503
  0.013749948438  72.727545454545  1.836990918328  0.000157207606
  0.014374946094  69.565478260870  0.907694522177  0.000062028742
  0.014999943750  66.666916666667  0.000983323897  0.000025051181
  0.015624941406  64.000240000000  0.008450530091  0.000025238866
  0.016249939063  61.538692307692  1.746138054974  0.000143540461
  0.016874936719  59.259481481481  0.412355405057  0.000037795611
  0.017499934375  57.143071428571  0.191806329501  0.000030316136
  0.018124932032  55.172620689655  0.237941526009  0.000031747195
  0.018749929688  53.333533333333  0.586123817912  0.000044968456
  0.019374927344  51.613096774194  0.420582329910  0.000038107813
  0.019999925000  50.000187500000  0.145598251931  0.000028947525
  0.020624922657  48.485030303030  0.397036394654  0.000037221077
  0.021249920313  47.059000000000  0.520194258261  0.000042099203
  0.021874917969  45.714457142857  0.952765461554  0.000064889439
  0.022499915625  44.444611111111  0.063471604544  0.000026665884
  0.023124913282  43.243405405405  0.270039329987  0.000032782526
  0.023749910938  42.105421052632  0.088641260833  0.000027345331
  0.024374908594  41.025794871795  0.330889455630  0.000034838939
  0.024999906250  40.000150000000  0.026644493503  0.000025702076
  0.025624903907  39.024536585366  0.813268349425  0.000056438042
  0.026249901563  38.095380952381  0.142455586057  0.000028856722
  0.026874899219  37.209441860465  0.255531062817  0.000032310435
  0.027499896875  36.363772727273  0.095174056212  0.000027524497
  0.028124894532  35.555688888889  0.119924368941  0.000028214010
  0.028749892188  34.782739130435  0.508027153604  0.000041590075
  0.029374889844  34.042680851064  0.248470838516  0.000032083166
  0.029999887500  33.333458333333  0.881633992619  0.000060432606
  0.030624885157  32.653183673469  0.316092053506  0.000034327283
  0.031249882813  32.000120000000  0.348209108015  0.000035447511
  0.031874880469  31.372666666667  0.113733795411  0.000028039944
  0.032499878125  30.769346153846  0.291905188933  0.000033507106
  0.033124875782  30.188792452830  0.097686357464  0.000027593710
  0.033749873438  29.629740740741  0.323313136913  0.000034576023
  0.034374871094  29.091018181818  0.006173551938  0.000025181486
  0.034999868750  28.571535714286  0.861053795323  0.000059201226
  0.035624866407  28.070280701754  0.273567329699  0.000032898365
  0.036249864063  27.586310344828  0.063140763110  0.000026657067
  0.036874861719  27.118745762712  0.000176413649  0.000025030983
  0.037499859376  26.666766666667  0.027178554876  0.000025715801
  0.038124857032  26.229606557377  0.477677366407  0.000040346795
  0.038749854688  25.806548387097  0.005001176925  0.000025151994
  0.039374852344  25.396920634921  0.720571192464  0.000051440498
  0.039999850001  25.000093750000  0.263249970485  0.000032560751
  0.040624847657  24.615476923077  0.642623368156  0.000047582554
  0.041249845313  24.242515151515  0.122802704774  0.000028295311
  0.041874842969  23.880686567164  0.271924625691  0.000032844378
  0.042499840626  23.529500000000  0.453430878491  0.000039380318
  0.043124838282  23.188492753623  0.465839055162  0.000039871984
  0.043749835938  22.857228571429  0.394681213918  0.000037133525
  0.044374833594  22.535295774648  0.014465266611  0.000025391067
  0.044999831251  22.222305555556  0.393090999742  0.000037074527
  0.045624828907  21.917890410959  0.255039043031  0.000032294544
  0.046249826563  21.621702702703  0.077816109455  0.000027051012
  0.046874824219  21.333413333333  0.257138717181  0.000032362410
  0.047499821876  21.052710526316  0.340933704286  0.000035190585
  0.048124819532  20.779298701299  0.028108632716  0.000025739721
  0.048749817188  20.512897435897  0.437831991725  0.000038770823
  0.049374814844  20.253240506329  0.425422480682  0.000038292696
  0.049999812501  20.000075000000  1.035120090899  0.000070461980
  0.050624810157  19.753160493827  0.127388809890  0.000028425333
  0.051249807813  19.512268292683  0.010770740002  0.000025297469
  0.051874805469  19.277180722892  0.417104360455  0.000037975514
  0.052499803126  19.047690476191  0.291253027961  0.000033485265
  0.053124800782  18.823600000000  0.030865033401  0.000025810740
  0.053749798438  18.604720930233  0.073911483481  0.000026945630
  0.054374796095  18.390873563218  0.163448099583  0.000029468723
  0.054999793751  18.181886363636  0.440271070015  0.000038865499
  0.055624791407  17.977595505618  0.474501005078  0.000040218845
  0.056249789063  17.777844444444  0.388451501275  0.000036902933
  0.056874786720  17.582483516484  2.453887068556  0.000291577724
  0.057499784376  17.391369565217  0.107383711868  0.000027862509
  0.058124782032  17.204365591398  0.846304220580  0.000058334189
  0.058749779688  17.021340425532  0.149539237856  0.000029061799
  0.059374777345  16.842168421053  0.791939888949  0.000055246756
  0.059999775001  16.666729166667  0.279077226257  0.000033080099
  0.060624772657  16.494907216495  0.116607041766  0.000028120599
  0.061249770313  16.326591836735  0.203146830084  0.000030661805
  0.061874767970  16.161676767677  0.183681009445  0.000030070869
  0.062499765626  16.000060000000  0.117674884482  0.000028150634
  0.063124763282  15.841643564356  0.009151598381  0.000025256559
  0.063749760938  15.686333333333  0.046885445135  0.000026227408
  0.064374758595  15.534038834951  0.085825931980  0.000027268480
  0.064999756251  15.384673076923  0.255435120821  0.000032307335
  0.065624753907  15.238152380952  0.237019518326  0.000031717944
  0.066249751563  15.094396226415  0.042513924083  0.000026113047
  0.066874749220  14.953327102804  0.062224964802  0.000026632674
  0.067499746876  14.814870370370  0.523138940009  0.000042223357
  0.068124744532  14.678954128440  0.106001004620  0.000027824022
  0.068749742188  14.545509090909  0.060513888112  0.000026587159
  0.069374739845  14.414468468469  0.639530879127  0.000047435616
  0.069999737501  14.285767857143  0.206113731931  0.000030752889
  0.070624735157  14.159345132743  0.282618861903  0.000033197443
  0.071249732814  14.035140350877  0.041387735023  0.000026083667
  0.071874730470  13.913095652174  0.008186968625  0.000025232217
  0.072499728126  13.793155172414  0.472301387028  0.000040130478
  0.073124725782  13.675264957265  0.175874446739  0.000029837094
  0.073749723439  13.559372881356  0.077099454224  0.000027031639
  0.074374721095  13.445428571429  0.366598682276  0.000036105328
  0.074999718751  13.333383333333  0.042027148277  0.000026100344
  0.075624716407  13.223190082645  0.345236719672  0.000035342317
  0.076249714064  13.114803278689  0.568778174126  0.000044195126
  0.076874711720  13.008178861789  0.002420745333  0.000025087201
  0.077499709376  12.903274193548  0.658539267039  0.000048346028
  0.078124707032  12.800048000000  0.544912395435  0.000043152813
  0.078749704689  12.698460317460  1.032145293848  0.000070252589
  0.079374702345  12.598472440945  1.248048668949  0.000087192232
  0.079999700001  12.500046875000  0.465711010576  0.000039866879
  0.080624697657  12.403147286822  0.791517821261  0.000055223438
  0.081249695314  12.307738461539  1.128896722058  0.000077392912
  0.081874692970  12.213786259542  0.792979688663  0.000055304246
  0.082499690626  12.121257575758  0.465016279159  0.000039839193
  0.083124688282  12.030120300752  0.057610862230  0.000026510116
  0.083749685939  11.940343283582  0.285501554972  0.000033293261
  0.084374683595  11.851896296296  0.029070760525  0.000025764488
  0.084999681251  11.764750000000  0.166027293505  0.000029544805
  0.085624678907  11.678875912409  0.271309718889  0.000032824192
  0.086249676564  11.594246376812  0.763309646675  0.000053687102
  0.086874674220  11.510834532374  0.050167929293  0.000026313608
  0.087499671876  11.428614285714  0.148844192080  0.000029041612
  0.088124669532  11.347560283688  0.120564389926  0.000028232067
  0.088749667189  11.267647887324  0.502784213616  0.000041372591
  0.089374664845  11.188853146853  0.827467431300  0.000057245343
  0.089999662501  11.111152777778  0.254453739392  0.000032275652
  0.090624660158  11.034524137931  0.767425163652  0.000053908556
  0.091249657814  10.958945205479  0.408737865735  0.000037659141
  0.091874655470  10.884394557823  0.952898648813  0.000064898086
  0.092499653126  10.810851351351  0.842945039605  0.000058138507
  0.093124650783  10.738295302013  0.998524077815  0.000067928900
  0.093749648439  10.666706666667  0.342271761021  0.000035237697
  0.094374646095  10.596066225166  0.108219291621  0.000027885792
  0.094999643751  10.526355263158  0.621952454763  0.000046608970
  0.095624641408  10.457555555556  0.655418096274  0.000048195348
  0.096249639064  10.389649350649  1.250618528424  0.000087416731
  0.096874636720  10.322619354839  0.594908652528  0.000045365267
  0.097499634376  10.256448717949  4.082350255053  0.001491470747
  0.098124632033  10.191121019108  1.547221704380  0.000117626131
  0.098749629689  10.126620253165  0.246619443384  0.000032023834
  0.099374627345  10.062930817610  0.286545302219  0.000033328023
  0.099999625001  10.000037500000  1.741072397677  0.000142814426
  0.100624622658  9.937925465839  0.536034813914  0.000042771403
  0.101249620314  9.876580246914  0.622333892930  0.000046626753
  0.101874617970  9.815987730061  0.018794968101  0.000025501196
  0.102499615626  9.756134146342  0.028389950562  0.000025746960
  0.103124613283  9.697006060606  0.214319120250  0.000031006205
  0.103749610939  9.638590361446  0.564423455275  0.000044003077
  0.104374608595  9.580874251497  0.224060710842  0.000031309660
  0.104999606251  9.523845238095  0.158261817600  0.000029316328
  0.105624603908  9.467491124260  0.357735220295  0.000035786760
  0.106249601564  9.411800000000  0.161124216108  0.000029400339
  0.106874599220  9.356760233918  0.520208113603  0.000042099786
  0.107499596877  9.302360465116  0.081373947621  0.000027147392
  0.108124594533  9.248589595376  0.376968158632  0.000036481629
  0.108749592189  9.195436781609  0.684628194502  0.000049624106
  0.109374589845  9.142891428571  1.165025706855  0.000080241721
  0.109999587502  9.090943181818  1.551463329841  0.000118126553
  0.110624585158  9.039581920904  0.144929464291  0.000028928178
  0.111249582814  8.988797752809  0.100716708606  0.000027677428
  0.111874580470  8.938581005587  0.635121122214  0.000047226873
  0.112499578127  8.888922222222  0.624531354088  0.000046729337
  0.113124575783  8.839812154696  0.673128646837  0.000049056636
  0.113749573439  8.791241758242  0.201099280326  0.000030599104
  0.114374571095  8.743202185792  0.335698449845  0.000035006859
  0.114999568752  8.695684782609  0.543014645689  0.000043070995
  0.115624566408  8.648681081081  0.707424662679  0.000050768541
  0.116249564064  8.602182795699  0.869666875130  0.000059713489
  0.116874561720  8.556181818182  0.776740377406  0.000054413187
  0.117499559377  8.510670212766  1.281828367397  0.000090189804
  0.118124557033  8.465640211640  0.795776838587  0.000055459194
  0.118749554689  8.421084210526  1.318672742122  0.000093577057
  0.119374552345  8.376994764398  0.222485886147  0.000031260403
  0.119999550002  8.333364583333  0.351085880367  0.000035549620
  0.120624547658  8.290186528497  1.324505243413  0.000094124815
  0.121249545314  8.247453608247  0.595898497348  0.000045410198
  0.121874542970  8.205158974359  0.809500202177  0.000056225721
  0.122499540627  8.163295918367  0.421258089516  0.000038133572
  0.123124538283  8.121857868020  0.113994005758  0.000028047238
  0.123749535939  8.080838383838  0.244736904286  0.000031963618
  0.124374533595  8.040231155779  0.139331548812  0.000028766740
  0.124999531252  8.000030000000  1.693837623142  0.000136218953
  0.125624528908  7.960228855721  0.407368722577  0.000037607619
  0.126249526564  7.920821782178  1.419063225663  0.000103466525
  0.126874524221  7.881802955665  0.267649376629  0.000032704286
  0.127499521877  7.843166666667  1.921308960837  0.000171054442
  0.128124519533  7.804907317073  0.370209742665  0.000036235928
  0.128749517189  7.767019417476  0.094220785211  0.000027498280
  0.129374514846  7.729497584541  0.318055630231  0.000034394743
  0.129999512502  7.692336538462  0.023506890010  0.000025621592
  0.130624510158  7.655531100479  0.034835004792  0.000025913372
  0.131249507814  7.619076190476  0.003203497852  0.000025106837
  0.131874505471  7.582966824645  0.451254395899  0.000039294704
  0.132499503127  7.547198113208  0.929730909185  0.000063411289
  0.133124500783  7.511765258216  0.546812085055  0.000043234871
  0.133749498439  7.476663551402  0.124810032223  0.000028352148
  0.134374496096  7.441888372093  0.636043278405  0.000047270449
  0.134999493752  7.407435185185  0.569923360985  0.000044245770
  0.135624491408  7.373299539171  0.494978561621  0.000041050908
  0.136249489064  7.339477064220  1.532184437545  0.000115869084
  0.136874486721  7.305963470320  1.667657171298  0.000132695552
  0.137499484377  7.272754545455  1.990310452961  0.000183289487
  0.138124482033  7.239846153846  1.529561972334  0.000115565360
  0.138749479689  7.207234234234  2.953337460049  0.000480905917
  0.139374477346  7.174914798206  1.300910864287  0.000091928529
  0.139999475002  7.142883928571  0.320168287023  0.000034467473
  0.140624472658  7.111137777778  0.339884757192  0.000035153696
  0.141249470314  7.079672566372  1.101330265584  0.000075287542
  0.141874467971  7.048484581498  0.543580491624  0.000043095374
  0.142499465627  7.017570175439  0.314459635701  0.000034271301
  0.143124463283  6.986925764192  0.011808177575  0.000025323717
  0.143749460940  6.956547826087  0.059944748144  0.000026572037
  0.144374458596  6.926432900433  0.153994164927  0.000029191518
  0.144999456252  6.896577586207  1.775086488787  0.000147760939
  0.145624453908  6.866978540773  0.468837547418  0.000039991716
  0.146249451565  6.837632478633  1.881060444502  0.000164298768
  0.146874449221  6.808536170213  3.350426615827  0.000715968565
  0.147499446877  6.779686440678  0.665370700101  0.000048677476
  0.148124444533  6.751080168776  0.470812716527  0.000040070782
  0.148749442190  6.722714285714  0.107216698581  0.000027857857
  0.149374439846  6.694585774059  1.124703853859  0.000077068925
  0.149999437502  6.666691666667  0.655560706872  0.000048202222
  0.150624435158  6.639029045643  0.452503718472  0.000039343825
  0.151249432815  6.611595041322  1.071591649465  0.000073080501
  0.151874430471  6.584386831276  0.948101205610  0.000064587371
  0.152499428127  6.557401639344  0.632846860821  0.000047119577
  0.153124425783  6.530636734694  0.362195051736  0.000035946701
  0.153749423440  6.504089430894  2.301983795332  0.000250426716
  0.154374421096  6.477757085020  3.028594008135  0.000518574670
  0.154999418752  6.451637096774  1.807465520967  0.000152628894
  0.155624416408  6.425726907631  1.007394570116  0.000068534397
  0.156249414065  6.400024000000  2.982752529733  0.000495291792
  0.156874411721  6.374525896414  2.784897180540  0.000406221953
  0.157499409377  6.349230158730  1.655859310556  0.000131137734
  0.158124407033  6.324134387352  0.950115665666  0.000064717659
  0.158749404690  6.299236220472  0.854269737026  0.000058800843
  0.159374402346  6.274533333333  1.402262217224  0.000101741412
  0.159999400002  6.250023437500  1.795719039067  0.000150844615
  0.160624397659  6.225704280156  0.249239061010  0.000032107817
  0.161249395315  6.201573643411  0.189467068756  0.000030245319
  0.161874392971  6.177629343629  0.379668580058  0.000036580268
  0.162499390627  6.153869230769  0.195565772796  0.000030430293
  0.163124388284  6.130291187739  0.128976515855  0.000028470486
  0.163749385940  6.106893129771  0.732707566538  0.000052068721
  0.164374383596  6.083673003802  0.042902347529  0.000026123189
  0.164999381252  6.060628787879  0.154822803707  0.000029215710
  0.165624378909  6.037758490566  0.813792456847  0.000056467638
  0.166249376565  6.015060150376  0.390805774876  0.000036989907
  0.166874374221  5.992531835206  0.181998019779  0.000030020316
  0.167499371877  5.970171641791  0.116925621535  0.000028129556
  0.168124369534  5.947977695167  0.445283484031  0.000039060788
  0.168749367190  5.925948148148  2.432054045714  0.000285270638
  0.169374364846  5.904081180812  0.768208577991  0.000053950815
  0.169999362502  5.882375000000  2.240904692791  0.000235567463
  0.170624360159  5.860827838828  0.638291791647  0.000047376869
  0.171249357815  5.839437956204  2.549933787815  0.000321023102
  0.171874355471  5.818203636364  1.996511996778  0.000184431116
  0.172499353127  5.797123188406  0.266136524833  0.000032654856
  0.173124350784  5.776194945848  1.277590222073  0.000089808129
  0.173749348440  5.755417266187  0.816146068368  0.000056600732
  0.174374346096  5.734788530466  0.829303690559  0.000057350586
  0.174999343752  5.714307142857  0.661230621123  0.000048476337
  0.175624341409  5.693971530249  1.134217287614  0.000077806001
  0.176249339065  5.673780141844  0.219548379435  0.000031168731
  0.176874336721  5.653731448763  0.952120081296  0.000064847559
  0.177499334377  5.633823943662  0.965121912568  0.000065696526
  0.178124332034  5.614056140351  1.455551323900  0.000107314591
  0.178749329690  5.594426573427  0.727559772724  0.000051801320
  0.179374327346  5.574933797909  0.354490660793  0.000035670850
  0.179999325003  5.555576388889  0.101720288625  0.000027705209
  0.180624322659  5.536352941176  0.769797173680  0.000054036608
  0.181249320315  5.517262068966  1.339944173716  0.000095590296
  0.181874317971  5.498302405498  0.716068171876  0.000051209339
  0.182499315628  5.479472602740  0.283101378264  0.000033213462
  0.183124313284  5.460771331058  0.206433494569  0.000030762722
  0.183749310940  5.442197278912  0.171598433684  0.000029709817
  0.184374308596  5.423749152542  0.358055032284  0.000035798206
  0.184999306253  5.405425675676  0.145913177921  0.000028956640
  0.185624303909  5.387225589226  0.021832394771  0.000025578741
  0.186249301565  5.369147651007  0.435725057333  0.000038689226
  0.186874299221  5.351190635452  0.859108466261  0.000059086138
  0.187499296878  5.333353333333  0.540880640605  0.000042979176
  0.188124294534  5.315634551495  0.869219790163  0.000059686790
  0.188749292190  5.298033112583  0.121838802467  0.000028268058
  0.189374289846  5.280547854786  0.164325677123  0.000029494588
  0.189999287503  5.263177631579  1.518278606560  0.000114267627
  0.190624285159  5.245921311475  0.077652897426  0.000027046598
  0.191249282815  5.228777777778  0.024580475265  0.000025649102
  0.191874280471  5.211745928339  0.398426561817  0.000037272852
  0.192499278128  5.194824675325  0.777444383204  0.000054451516
  0.193124275784  5.178012944984  0.195289563240  0.000030421891
  0.193749273440  5.161309677419  0.094012318942  0.000027492550
  0.194374271096  5.144713826367  0.042944255832  0.000026124283
  0.194999268753  5.128224358974  0.618126818137  0.000046430984
  0.195624266409  5.111840255591  0.909505729741  0.000062141229
  0.196249264065  5.095560509554  0.262144785499  0.000032524792
  0.196874261722  5.079384126984  1.327911315447  0.000094446178
  0.197499259378  5.063310126582  0.119994449211  0.000028215986
  0.198124257034  5.047337539432  0.955598683906  0.000065073616
  0.198749254690  5.031465408805  0.013847697168  0.000025375397
  0.199374252347  5.015692789969  0.236589683045  0.000031704317
  0.199999250003  5.000018750000  0.069373237838  0.000026823665
  0.200624247659  4.984442367601  0.013594106129  0.000025368965
  0.201249245315  4.968962732919  1.006198904505  0.000068452467
  0.201874242972  4.953578947368  0.006352729234  0.000025185997
  0.202499240628  4.938290123457  4.297220600843  0.001850198167
  0.203124238284  4.923095384615  0.712757770830  0.000051040066
  0.203749235940  4.907993865031  0.788017673272  0.000055030439
  0.204374233597  4.892984709480  0.105773848565  0.000027817705
  0.204999231253  4.878067073171  0.856292995533  0.000058919968
  0.205624228909  4.863240121581  1.873200251944  0.000163010945
  0.206249226565  4.848503030303  0.676749311951  0.000049234601
  0.206874224222  4.833854984894  0.673833249337  0.000049091218
  0.207499221878  4.819295180723  0.335575361911  0.000035002551
  0.208124219534  4.804822822823  0.031419052138  0.000025825038
  0.208749217190  4.790437125749  0.214942336407  0.000031025530
  0.209374214847  4.776137313433  0.382970419684  0.000036701238
  0.209999212503  4.761922619048  0.505575299748  0.000041488227
  0.210624210159  4.747792284866  0.552704780437  0.000043490404
  0.211249207815  4.733745562130  0.292974230239  0.000033542939
  0.211874205472  4.719781710914  0.281669067857  0.000033165932
  0.212499203128  4.705900000000  0.453331708129  0.000039376413
  0.213124200784  4.692099706745  1.037349782700  0.000070619334
  0.213749198441  4.678380116959  0.322642799177  0.000034552857
  0.214374196097  4.664740524781  1.550153980693  0.000117971851
  0.214999193753  4.651180232558  2.490577762518  0.000302492784
  0.215624191409  4.637698550725  2.346903269550  0.000261950063
  0.216249189066  4.624294797688  1.498039746298  0.000111976329
  0.216874186722  4.610968299712  4.619688928215  0.002556971232
  0.217499184378  4.597718390805  5.963393539232  0.009854127257
  0.218124182034  4.584544412607  1.488311796864  0.000110891420
  0.218749179691  4.571445714286  0.887526841128  0.000060789892
  0.219374177347  4.558421652422  3.531786585563  0.000858717319
  0.219999175003  4.545471590909  0.774108982590  0.000054270160
  0.220624172659  4.532594900850  0.998979530518  0.000067959858
  0.221249170316  4.519790960452  0.042131216439  0.000026103060
  0.221874167972  4.507059154930  1.745777018801  0.000143488594
  0.222499165628  4.494398876405  1.354597187899  0.000097002294
  0.223124163284  4.481809523810  0.286686518110  0.000033332729
  0.223749160941  4.469290502793  0.347676558423  0.000035428641
  0.224374158597  4.456841225627  4.762453480774  0.002950828766
  0.224999156253  4.444461111111  0.105366463098  0.000027806378
  0.225624153909  4.432149584488  1.457082566326  0.000107479172
  0.226249151566  4.419906077348  0.156339154667  0.000029260033
  0.226874149222  4.407730027548  0.672334041033  0.000049017665
  0.227499146878  4.395620879121  1.408433743768  0.000102371728
  0.228124144534  4.383578082192  0.440986449133  0.000038893311
  0.228749142191  4.371601092896  0.248464005368  0.000032082946
  0.229374139847  4.359689373297  0.172601736772  0.000029739632
  0.229999137503  4.347842391304  0.969173423507  0.000065963340
  0.230624135159  4.336059620596  0.477646659436  0.000040345556
  0.231249132816  4.324340540541  0.033195290561  0.000025870932
  0.231874130472  4.312684636119  4.052357076418  0.001447272156
  0.232499128128  4.301091397849  0.886257528631  0.000060712755
  0.233124125785  4.289560321716  0.250773702096  0.000032157119
  0.233749123441  4.278090909091  0.330053621227  0.000034809836
  0.234374121097  4.266682666667  0.141331167759  0.000028824303
  0.234999118753  4.255335106383  1.273164241015  0.000089411264
  0.235624116410  4.244047745358  2.012845925248  0.000187472164
  0.236249114066  4.232820105820  0.818171578124  0.000056715523
  0.236874111722  4.221651715040  0.331227991946  0.000034850734
  0.237499109378  4.210542105263  1.120244852765  0.000076725863
  0.238124107035  4.199490813648  0.086692970229  0.000027292125
  0.238749104691  4.188497382199  0.099924271863  0.000027655511
  0.239374102347  4.177561357702  0.025493752688  0.000025672529
  0.239999100003  4.166682291667  0.648709419359  0.000047873062
  0.240624097660  4.155859740260  0.742371577382  0.000052574454
  0.241249095316  4.145093264249  0.233253500058  0.000031598745
  0.241874092972  4.134382428941  0.582954067233  0.000044826133
  0.242499090628  4.123726804124  0.198494778412  0.000030519532
  0.243124088285  4.113125964010  0.979580837593  0.000066653705
  0.243749085941  4.102579487180  0.960830627035  0.000065415100
  0.244374083597  4.092086956522  0.532610794789  0.000042625200
  0.244999081253  4.081647959184  0.218397575903  0.000031132891
  0.245624078910  4.071262086514  0.173997928302  0.000029781172
  0.246249076566  4.060928934010  0.123370371191  0.000028311372
  0.246874074222  4.050648101266  0.932709349847  0.000063600505
  0.247499071878  4.040419191919  0.442116072220  0.000038937268
  0.248124069535  4.030241813602  0.387287885056  0.000036860022
  0.248749067191  4.020115577889  1.896986673257  0.000166939442
  0.249374064847  4.010040100251  0.624954990222  0.000046749139
  0.249999062504  4.000015000000  1.367929008282  0.000098305107
  0.250624060160  3.990039900249  0.149296653264  0.000029054752
  0.251249057816  3.980114427861  0.036040933806  0.000025944628
  0.251874055472  3.970238213400  0.504673295516  0.000041450821
  0.252499053129  3.960410891089  0.849499249503  0.000058520920
  0.253124050785  3.950632098765  0.343119510366  0.000035267579
  0.253749048441  3.940901477833  1.051532524168  0.000071628505
  0.254374046097  3.931218673219  0.253375721528  0.000032240884
  0.254999043754  3.921583333333  0.619253415848  0.000046483327
  0.255624041410  3.911995110024  0.631462623072  0.000047054390
  0.256249039066  3.902453658537  1.065674203411  0.000072649125
  0.256874036722  3.892958637470  2.163582034234  0.000218015321
  0.257499034379  3.883509708738  0.900643491760  0.000061592768
  0.258124032035  3.874106537530  0.098608540094  0.000027619160
  0.258749029691  3.864748792271  0.800665301520  0.000055731036
  0.259374027347  3.855436144578  1.917607870334  0.000170421780
  0.259999025004  3.846168269231  0.831554598276  0.000057479858
  0.260624022660  3.836944844125  1.622806511433  0.000126870149
  0.261249020316  3.827765550239  0.021434301053  0.000025568565
  0.261874017972  3.818630071599  0.005033054331  0.000025152795
  0.262499015629  3.809538095238  1.066178408401  0.000072685782
  0.263124013285  3.800489311164  0.086579282840  0.000027289023
  0.263749010941  3.791483412322  1.175601357552  0.000081095310
  0.264374008597  3.782520094563  3.529613015085  0.000856848169
  0.264999006254  3.773599056604  0.323456476256  0.000034580979
  0.265624003910  3.764720000000  0.316684220535  0.000034347613
  0.266249001566  3.755882629108  0.930191304001  0.000063440500
  0.266873999223  3.747086651054  3.105299149333  0.000560008998
  0.267498996879  3.738331775701  0.693295804082  0.000050056166
  0.268123994535  3.729617715618  0.234519783907  0.000031638774
  0.268748992191  3.720944186047  0.942920238335  0.000064253488
  0.269373989848  3.712310904872  0.159556964175  0.000029354311
  0.269998987504  3.703717592593  2.225004008853  0.000231846094
  0.270623985160  3.695163972286  1.564021869592  0.000119620724
  0.271248982816  3.686649769585  1.364014619993  0.000097920780
  0.271873980473  3.678174712644  0.001068243049  0.000025053307
  0.272498978129  3.669738532110  0.860031464374  0.000059140716
  0.273123975785  3.661340961098  1.317389608342  0.000093456981
  0.273748973441  3.652981735160  0.171633773725  0.000029710867
  0.274373971098  3.644660592255  0.896071811457  0.000061311736
  0.274998968754  3.636377272727  0.615341114889  0.000046301808
  0.275623966410  3.628131519274  0.370616149240  0.000036250656
  0.276248964066  3.619923076923  0.056004461467  0.000026467580
  0.276873961723  3.611751693002  0.987185566023  0.000067162726
  0.277498959379  3.603617117117  0.885535475887  0.000060668919
  0.278123957035  3.595519101124  0.223298996549  0.000031285825
  0.278748954691  3.587457399103  0.552372453379  0.000043475953
  0.279373952348  3.579431767338  0.105023760577  0.000027796854
  0.279998950004  3.571441964286  2.598876075901  0.000337153980
  0.280623947660  3.563487750557  2.120116339931  0.000208729753
  0.281248945316  3.555568888889  0.414059071400  0.000037860052
  0.281873942973  3.547685144124  0.200740345784  0.000030588125
  0.282498940629  3.539836283186  2.792335282160  0.000409260529
  0.283123938285  3.532022075055  0.908312094280  0.000062067074
  0.283748935941  3.524242290749  2.031319882419  0.000190972166
  0.284373933598  3.516496703297  0.023846177431  0.000025630283
  0.284998931254  3.508785087719  0.099457760598  0.000027642617
  0.285623928910  3.501107221007  0.041386451061  0.000026083633
  0.286248926567  3.493462882096  0.146240864884  0.000028966128
  0.286873924223  3.485851851852  0.003802723282  0.000025121880
  0.287498921879  3.478273913043  0.454910869640  0.000039438642
  0.288123919535  3.470728850325  0.392377054451  0.000037048069
  0.288748917192  3.463216450216  1.030436451817  0.000070132588
  0.289373914848  3.455736501080  0.415029939711  0.000037896824
  0.289998912504  3.448288793103  0.284279533655  0.000033252608
  0.290623910160  3.440873118280  0.108820428290  0.000027902555
  0.291248907817  3.433489270386  0.041057114160  0.000026075048
  0.291873905473  3.426137044968  0.952247412766  0.000064855820
  0.292498903129  3.418816239316  3.083794651489  0.000548069427
  0.293123900785  3.411526652452  0.744957563071  0.000052710614
  0.293748898442  3.404268085106  0.105462920358  0.000027809060
  0.294373896098  3.397040339703  0.946591785618  0.000064489919
  0.294998893754  3.389843220339  0.426130306052  0.000038319808
  0.295623891410  3.382676532770  0.447843426150  0.000039160905
  0.296248889067  3.375540084388  1.149643792959  0.000079016231
  0.296873886723  3.368433684211  0.143203866258  0.000028878317
  0.297498884379  3.361357142857  0.313610679599  0.000034242223
  0.298123882035  3.354310272537  0.918993166022  0.000062733800
  0.298748879692  3.347292887029  1.150735705897  0.000079102603
  0.299373877348  3.340304801670  0.514921797718  0.000041877818
  0.299998875004  3.333345833333  0.315419948295  0.000034304223
  0.300623872660  3.326415800416  1.364099549790  0.000097929102
  0.301248870317  3.319514522822  0.196391125246  0.000030455413
  0.301873867973  3.312641821946  0.866021548645  0.000059496144
  0.302498865629  3.305797520661  1.140937234547  0.000078330892
  0.303123863286  3.298981443299  0.052741074697  0.000026381379
  0.303748860942  3.292193415638  0.195533367913  0.000030429307
  0.304373858598  3.285433264887  0.358275524451  0.000035806099
  0.304998856254  3.278700819672  0.250874012668  0.000032160344
  0.305623853911  3.271995910020  0.009980677419  0.000025277499
  0.306248851567  3.265318367347  0.302920824238  0.000033878186
  0.306873849223  3.258668024440  1.125557641595  0.000077134788
  0.307498846879  3.252044715447  0.908957827939  0.000062107179
  0.308123844536  3.245448275862  0.714885746733  0.000051148813
  0.308748842192  3.238878542510  0.969907471021  0.000066011797
  0.309373839848  3.232335353535  0.586086196694  0.000044966765
  0.309998837504  3.225818548387  0.098033718450  0.000027603294
  0.310623835161  3.219327967807  0.269330141292  0.000032759290
  0.311248832817  3.212863453815  0.203630050332  0.000030676622
  0.311873830473  3.206424849699  0.319532930353  0.000034445585
  0.312498828129  3.200012000000  1.899030406651  0.000167281368
  0.313123825786  3.193624750499  0.341570081557  0.000035212984
  0.313748823442  3.187262948207  0.761451957791  0.000053587439
  0.314373821098  3.180926441352  0.632321375036  0.000047094820
  0.314998818754  3.174615079365  0.260066912440  0.000032457293
  0.315623816411  3.168328712871  0.305768647548  0.000033974786
  0.316248814067  3.162067193676  0.072587226403  0.000026909984
  0.316873811723  3.155830374753  1.434552187360  0.000105082842
  0.317498809379  3.149618110236  1.736666680836  0.000142185965
  0.318123807036  3.143430255403  1.412847548983  0.000102824919
  0.318748804692  3.137266666667  1.994575684335  0.000184073902
  0.319373802348  3.131127201566  0.689193153921  0.000049851191
  0.319998800004  3.125011718750  0.244609561090  0.000031959548
  0.320623797661  3.118920077973  0.701755665285  0.000050481500
  0.321248795317  3.112852140078  0.007949737569  0.000025226235
  0.321873792973  3.106807766990  0.076753035914  0.000027022280
  0.322498790630  3.100786821705  0.411418449463  0.000037760217
  0.323123788286  3.094789168279  1.450439785966  0.000106767016
  0.323748785942  3.088814671815  0.485059401378  0.000040645734
  0.324373783598  3.082863198459  1.794368727253  0.000150640846
  0.324998781255  3.076934615385  0.059801551847  0.000026568234
  0.325623778911  3.071028790787  0.597487188150  0.000045482403
  0.326248776567  3.065145593870  0.750170547705  0.000052986168
  0.326873774223  3.059284894837  0.039718136928  0.000026040171
  0.327498771880  3.053446564886  0.701303829995  0.000050458692
  0.328123769536  3.047630476190  0.894157057255  0.000061194413
  0.328748767192  3.041836501901  2.473453484037  0.000297348528
  0.329373764848  3.036064516129  0.154639793794  0.000029210366
  0.329998762505  3.030314393939  0.197905510252  0.000030501557
  0.330623760161  3.024586011342  0.206135798131  0.000030753567
  0.331248757817  3.018879245283  3.171087604723  0.000598176343
  0.331873755473  3.013193973635  1.486804147187  0.000110724224
  0.332498753130  3.007530075188  0.727570856984  0.000051801895
  0.333123750786  3.001887429644  0.337883862927  0.000035083437
  0.333748748442  2.996265917603  0.134104327789  0.000028616808
  0.334373746098  2.990665420561  0.395007488439  0.000037145642
  0.334998743755  2.985085820896  0.490574110677  0.000040870500
  0.335623741411  2.979527001862  0.239602606556  0.000031799962
  0.336248739067  2.973988847584  0.217592880280  0.000031107854
  0.336873736723  2.968471243043  0.758085582983  0.000053407308
  0.337498734380  2.962974074074  0.511441883041  0.000041732338
  0.338123732036  2.957497227357  0.888694350646  0.000060860929
  0.338748729692  2.952040590406  3.788044935924  0.001110284558
  0.339373727349  2.946604051565  0.378744193699  0.000036546473
  0.339998725005  2.941187500000  1.277930380375  0.000089838703
  0.340623722661  2.935790825688  0.046228071845  0.000026210179
  0.341248720317  2.930413919414  0.363488875016  0.000035993234
  0.341873717974  2.925056672761  0.168836135851  0.000029627886
  0.342498715630  2.919718978102  2.146930387941  0.000214410156
  0.343123713286  2.914400728597  1.930494021775  0.000172634703
  0.343748710942  2.909101818182  3.014868283825  0.000511490766
  0.344373708599  2.903822141561  0.311407416921  0.000034166873
  0.344998706255  2.898561594203  5.017239085066  0.003810661783
  0.345623703911  2.893320072333  1.634708888575  0.000128390660
  0.346248701567  2.888097472924  1.940625782845  0.000174394794
  0.346873699224  2.882893693694  2.372887713706  0.000268856689
  0.347498696880  2.877708633094  0.766011054066  0.000053832361
  0.348123694536  2.872542190305  0.271228191893  0.000032821516
  0.348748692192  2.867394265233  2.736925106093  0.000387159781
  0.349373689849  2.862264758497  1.041452438095  0.000070909786
  0.349998687505  2.857153571429  0.703286289033  0.000050558840
  0.350623685161  2.852060606061  0.810101559009  0.000056259552
  0.351248682817  2.846985765125  1.656389912340  0.000131207402
  0.351873680474  2.841928952043  0.813734998995  0.000056464392
  0.352498678130  2.836890070922  1.356949278191  0.000097230884
  0.353123675786  2.831869026549  0.308858835050  0.000034079921
  0.353748673442  2.826865724382  3.156165386258  0.000589297020
  0.354373671099  2.821880070547  0.264373089986  0.000032597334
  0.354998668755  2.816911971831  1.498383383935  0.000112014846
  0.355623666411  2.811961335677  2.451749124325  0.000290954004
  0.356248664068  2.807028070175  0.245713359292  0.000031994837
  0.356873661724  2.802112084063  1.483107756770  0.000110315366
  0.357498659380  2.797213286713  0.190336672600  0.000030271625
  0.358123657036  2.792331588133  0.150766711288  0.000029097483
  0.358748654693  2.787466898955  0.158521091416  0.000029323928
  0.359373652349  2.782619130435  0.352251797218  0.000035591087
  0.359998650005  2.777788194444  0.419769535888  0.000038076854
  0.360623647661  2.772974003466  0.614237843132  0.000046250748
  0.361248645318  2.768176470588  2.691183701463  0.000369818339
  0.361873642974  2.763395509499  5.229749611376  0.004716804624
  0.362498640630  2.758631034483  0.597976205935  0.000045504652
  0.363123638286  2.753882960413  5.334589404778  0.005240353349
  0.363748635943  2.749151202749  0.415438286710  0.000037912301
  0.364373633599  2.744435677530  0.584928359539  0.000044914727
  0.364998631255  2.739736301370  3.705286643596  0.001021870285
  0.365623628911  2.735052991453  0.650712940146  0.000047969085
  0.366248626568  2.730385665529  1.121542492144  0.000076825542
  0.366873624224  2.725734241908  0.722126726872  0.000051520592
  0.367498621880  2.721098639456  0.143374067041  0.000028883231
  0.368123619536  2.716478777589  6.918176413300  0.025723419452
  0.368748617193  2.711874576271  0.132318470048  0.000028565763
  0.369373614849  2.707285956007  0.298722235289  0.000033736267
  0.369998612505  2.702712837838  1.374135358075  0.000098917565
  0.370623610161  2.698155143339  0.127018097054  0.000028414801
  0.371248607818  2.693612794613  0.094702368240  0.000027511521
  0.371873605474  2.689085714286  0.560518968329  0.000043831593
  0.372498603130  2.684573825503  0.734996936355  0.000052188086
  0.373123600786  2.680077051926  1.588351988565  0.000122569469
  0.373748598443  2.675595317726  1.029078802224  0.000070037396
  0.374373596099  2.671128547579  0.060481308042  0.000026586293
  0.374998593755  2.666676666667  0.264877551148  0.000032613779
  0.375623591412  2.662239600666  0.659663224967  0.000048400405
  0.376248589068  2.657817275748  0.725792041165  0.000051709813
  0.376873586724  2.653409618574  0.030251952332  0.000025794927
  0.377498584380  2.649016556291  0.305733871522  0.000033973605
  0.378123582037  2.644638016529  0.567848573294  0.000044154059
  0.378748579693  2.640273927393  1.393926254219  0.000100896198
  0.379373577349  2.635924217463  0.968869449311  0.000065943284
  0.379998575005  2.631588815789  0.262786184058  0.000032545656
  0.380623572662  2.627267651888  2.580414449061  0.000330976063
  0.381248570318  2.622960655738  1.635829188172  0.000128534712
  0.381873567974  2.618667757774  0.848661231321  0.000058471885
  0.382498565630  2.614388888889  0.282335040653  0.000033188023
  0.383123563287  2.610123980424  0.355179601805  0.000035695430
  0.383748560943  2.605872964169  0.886231599687  0.000060711180
  0.384373558599  2.601635772358  1.203590713802  0.000083398515
  0.384998556255  2.597412337662  1.244604035441  0.000086892218
  0.385623553912  2.593202593193  0.382483346377  0.000036683368
  0.386248551568  2.589006472492  0.078271392481  0.000027063326
  0.386873549224  2.584823909532  0.145310332409  0.000028939194
  0.387498546880  2.580654838710  0.096496382508  0.000027560905
  0.388123544537  2.576499194847  0.834294409783  0.000057637601
  0.388748542193  2.572356913183  0.200966523790  0.000030595043
  0.389373539849  2.568227929374  1.340222253976  0.000095616900
  0.389998537505  2.564112179487  1.529619113113  0.000115571969
  0.390623535162  2.560009600000  3.719655657237  0.001036699354
  0.391248532818  2.555920127796  0.005525426006  0.000025165177
  0.391873530474  2.551843700160  0.997709253434  0.000067873549
  0.392498528131  2.547780254777  2.576268113579  0.000329604207
  0.393123525787  2.543729729730  2.455058058701  0.000291919914
  0.393748523443  2.539692063492  0.260663657265  0.000032476664
  0.394373521099  2.535667194929  0.487001211382  0.000040724736
  0.394998518756  2.531655063291  0.310435353708  0.000034133682
  0.395623516412  2.527655608215  0.716873763404  0.000051250617
  0.396248514068  2.523668769716  5.532045729864  0.006389503934
  0.396873511724  2.519694488189  4.485141885560  0.002234064524
  0.397498509381  2.515732704403  1.129297561468  0.000077423957
  0.398123507037  2.511783359498  1.056595933349  0.000071992277
  0.398748504693  2.507846394984  1.525072137005  0.000115047213
  0.399373502349  2.503921752739  1.330072211642  0.000094650627
  0.399998500006  2.500009375000  2.635348247263  0.000349700152
  0.400623497662  2.496109204368  2.229379029504  0.000232864109
  0.401248495318  2.492221183801  0.007129011408  0.000025205548
  0.401873492974  2.488345256610  1.257596955118  0.000088029281
  0.402498490631  2.484481366460  0.073544920662  0.000026935759
  0.403123488287  2.480629457364  1.103952820926  0.000075485346
  0.403748485943  2.476789473684  2.409483433631  0.000278893978
  0.404373483599  2.472961360124  0.069433173258  0.000026825272
  0.404998481256  2.469145061728  1.823212195924  0.000155053981
  0.405623478912  2.465340523883  3.062157724974  0.000536313439
  0.406248476568  2.461547692308  1.393255412776  0.000100828485
  0.406873474224  2.457766513057  2.463747502250  0.000294471754
  0.407498471881  2.453996932515  0.582669350319  0.000044813372
  0.408123469537  2.450238897397  0.087147117654  0.000027304518
  0.408748467193  2.446492354740  0.616584773546  0.000046359433
  0.409373464850  2.442757251908  1.197461836462  0.000082888643
  0.409998462506  2.439033536585  2.072480159421  0.000199007204
  0.410623460162  2.435321156773  0.007401657524  0.000025212418
  0.411248457818  2.431620060790  0.843742989546  0.000058184930
  0.411873455475  2.427930197269  0.708523220179  0.000050824354
  0.412498453131  2.424251515152  0.809478281388  0.000056224488
  0.413123450787  2.420583963691  0.765984520483  0.000053830932
  0.413748448443  2.416927492447  0.700049348341  0.000050395422
  0.414373446100  2.413282051282  0.814942224579  0.000056532616
  0.414998443756  2.409647590361  0.848478651237  0.000058461207
  0.415623441412  2.406024060150  0.343646912263  0.000035286182
  0.416248439068  2.402411411411  1.099544287634  0.000075153133
  0.416873436725  2.398809595202  1.689273977878  0.000135598102
  0.417498434381  2.395218562874  0.230846360559  0.000031522790
  0.418123432037  2.391638266069  1.090743492353  0.000074494304
  0.418748429693  2.388068656716  2.553874760707  0.000322292907
  0.419373427350  2.384509687034  2.303627927997  0.000250839407
  0.419998425006  2.380961309524  0.408456325630  0.000037648540
  0.420623422662  2.377423476969  3.421852741502  0.000769109847
  0.421248420318  2.373896142433  1.309072560415  0.000092682398
  0.421873417975  2.370379259259  0.597995342610  0.000045505523
  0.422498415631  2.366872781065  1.932726921211  0.000173021069
  0.423123413287  2.363376661743  0.226420553264  0.000031383616
  0.423748410943  2.359890855457  0.705335974128  0.000050662594
  0.424373408600  2.356415316642  1.255375516195  0.000087833823
  0.424998406256  2.352950000000  0.078579717989  0.000027071669
  0.425623403912  2.349494860499  0.040126622602  0.000026050806
  0.426248401568  2.346049853372  1.050802141935  0.000071576184
  0.426873399225  2.342614934114  0.034445779174  0.000025903291
  0.427498396881  2.339190058480  1.915915387926  0.000170133250
  0.428123394537  2.335775182482  0.780491043406  0.000054617703
  0.428748392194  2.332370262391  0.011408303167  0.000025313597
  0.429373389850  2.328975254731  1.727325152362  0.000140862570
  0.429998387506  2.325590116279  2.580332027650  0.000330948738
  0.430623385162  2.322214804064  4.040735405831  0.001430500740
  0.431248382819  2.318849275362  0.407712974578  0.000037620567
  0.431873380475  2.315493487699  0.380138271111  0.000036597452
  0.432498378131  2.312147398844  2.056336619008  0.000195816208
  0.433123375787  2.308810966811  3.200032883769  0.000615783539
  0.433748373444  2.305484149856  0.346047915586  0.000035370995
  0.434373371100  2.302166906475  1.907393668854  0.000168687896
  0.434998368756  2.298859195402  0.798116953796  0.000055589159
  0.435623366412  2.295560975610  1.515138630513  0.000113909090
  0.436248364069  2.292272206304  0.572172657531  0.000044345410
  0.436873361725  2.288992846924  1.449345849131  0.000106650191
  0.437498359381  2.285722857143  0.390650167842  0.000036984152
  0.438123357037  2.282462196862  1.654684982338  0.000130983679
  0.438748354694  2.279210826211  3.078716602881  0.000545287416
  0.439373352350  2.275968705548  0.228236378271  0.000031440642
  0.439998350006  2.272735795455  1.023378274819  0.000069639108
  0.440623347662  2.269512056738  1.204940055380  0.000083511190
  0.441248345319  2.266297450425  1.051095671385  0.000071597207
  0.441873342975  2.263091937765  0.132821851637  0.000028580142
  0.442498340631  2.259895480226  0.286329761472  0.000033320842
  0.443123338287  2.256708039492  1.024652357142  0.000069727929
  0.443748335944  2.253529577465  2.900791937314  0.000456240520
  0.444373333600  2.250360056259  0.177510850145  0.000029885947
  0.444998331256  2.247199438202  0.435000495044  0.000038661205
  0.445623328913  2.244047685835  0.016631728356  0.000025446113
  0.446248326569  2.240904761905  0.235937119854  0.000031683639
  0.446873324225  2.237770629371  4.458155767660  0.002174388037
  0.447498321881  2.234645251397  0.276928299176  0.000033009101
  0.448123319538  2.231528591353  0.850450803429  0.000058576649
  0.448748317194  2.228420612813  5.138460641724  0.004303749060
  0.449373314850  2.225321279555  0.985325542197  0.000067037867
  0.449998312506  2.222230555556  0.119889387615  0.000028213023
  0.450623310163  2.219148404993  0.508728560735  0.000041619257
  0.451248307819  2.216074792244  0.162156612650  0.000029430699
  0.451873305475  2.213009681881  1.682782790141  0.000134719899
  0.452498303131  2.209953038674  0.385598308575  0.000036797802
  0.453123300788  2.206904827586  0.748778221433  0.000052912430
  0.453748298444  2.203865013774  0.235523017825  0.000031670524
  0.454373296100  2.200833562586  1.602494509705  0.000124316825
  0.454998293756  2.197810439560  2.622307187441  0.000345161336
  0.455623291413  2.194795610425  0.723455087410  0.000051589088
  0.456248289069  2.191789041096  2.048082163618  0.000194204438
  0.456873286725  2.188790697674  0.972799500225  0.000066203056
  0.457498284381  2.185800546448  0.188196563925  0.000030206927
  0.458123282038  2.182818553888  0.860161246767  0.000059148394
  0.458748279694  2.179844686649  0.185980223210  0.000030140069
  0.459373277350  2.176878911565  2.769920785513  0.000400172199
  0.459998275006  2.173921195652  0.538249457933  0.000042866235
  0.460623272663  2.170971506106  0.297910704077  0.000033708904
  0.461248270319  2.168029810298  3.317857066219  0.000692972254
  0.461873267975  2.165096075778  0.369214579151  0.000036199889
  0.462498265632  2.162170270270  0.215207330560  0.000031033751
  0.463123263288  2.159252361673  2.121159910765  0.000208947984
  0.463748260944  2.156342318059  0.454290169679  0.000039414171
  0.464373258600  2.153440107672  0.024307304829  0.000025642100
  0.464998256257  2.150545698925  2.102315491345  0.000205042176
  0.465623253913  2.147659060403  6.475980938149  0.016492758933
  0.466248251569  2.144780160858  0.827988462727  0.000057275186
  0.466873249225  2.141908969210  1.549162660539  0.000117854859
  0.467498246882  2.139045454545  2.030958044269  0.000190902990
  0.468123244538  2.136189586115  1.349162469287  0.000096476173
  0.468748242194  2.133341333333  1.784544047901  0.000149166525
  0.469373239850  2.130500665779  0.839839379980  0.000057958178
  0.469998237507  2.127667553192  2.424117138748  0.000283011834
  0.470623235163  2.124841965471  0.170752757190  0.000029684710
  0.471248232819  2.122023872679  1.332387578738  0.000094870184
  0.471873230475  2.119213245033  0.388164735704  0.000036892353
  0.472498228132  2.116410052910  0.932068484849  0.000063559744
  0.473123225788  2.113614266843  0.185251589610  0.000030118122
  0.473748223444  2.110825857520  1.548915928287  0.000117825759
  0.474373221100  2.108044795784  0.264225014170  0.000032592508
  0.474998218757  2.105271052632  3.418295568843  0.000766372231
  0.475623216413  2.102504599212  0.262651181640  0.000032541263
  0.476248214069  2.099745406824  2.379923820004  0.000270758034
  0.476873211725  2.096993446920  0.089042020314  0.000027356289
  0.477498209382  2.094248691099  2.059271516791  0.000196392499
  0.478123207038  2.091511111111  0.147915271732  0.000029014655
  0.478748204694  2.088780678851  3.390064496835  0.000744988472
  0.479373202350  2.086057366362  0.199907193947  0.000030562658
  0.479998200007  2.083341145833  1.041412246238  0.000070906935
  0.480623197663  2.080631989597  0.086127979512  0.000027276715
  0.481248195319  2.077929870130  1.352239590641  0.000096773710
  0.481873192976  2.075234760052  3.995167583570  0.001366596525
  0.482498190632  2.072546632124  0.716884125549  0.000051251148
  0.483123188288  2.069865459250  1.151800424336  0.000079186916
  0.483748185944  2.067191214470  0.101701399236  0.000027704686
  0.484373183601  2.064523870968  0.440001094805  0.000038855008
  0.484998181257  2.061863402062  0.631828943914  0.000047071632
  0.485623178913  2.059209781210  1.112833177351  0.000076159009
  0.486248176569  2.056562982005  0.922724462649  0.000062968398
  0.486873174226  2.053922978177  0.767059229272  0.000053888829
  0.487498171882  2.051289743590  2.959333920561  0.000483804238
  0.488123169538  2.048663252241  1.085923836501  0.000074135956
  0.488748167194  2.046043478261  0.479023462245  0.000040401141
  0.489373164851  2.043430395913  0.087302674553  0.000027308764
  0.489998162507  2.040823979592  0.762489914130  0.000053643102
  0.490623160163  2.038224203822  0.801143194052  0.000055757682
  0.491248157819  2.035631043257  0.276340338486  0.000032989702
  0.491873155476  2.033044472681  0.924190600284  0.000063060818
  0.492498153132  2.030464467005  0.546330652368  0.000043214061
  0.493123150788  2.027891001267  0.885407535590  0.000060661155
  0.493748148444  2.025324050633  3.116914024153  0.000566565637
  0.494373146101  2.022763590392  1.046518369290  0.000071270085
  0.494998143757  2.020209595960  1.603844365558  0.000124484902
  0.495623141413  2.017662042875  2.010846200050  0.000187097176
  0.496248139069  2.015120906801  0.258709359600  0.000032413269
  0.496873136726  2.012586163522  0.143507493882  0.000028887084
  0.497498134382  2.010057788945  0.362065737077  0.000035942053
  0.498123132038  2.007535759097  0.417631483371  0.000037995536
  0.498748129695  2.005020050125  0.801588315537  0.000055782513
  0.499373127351  2.002510638298  0.352250789762  0.000035591051
  0.499998125007  2.000007500000  2.716893382577  0.000379467397
  0.500623122663  1.997510611735  0.735409320817  0.000052209616
  0.501248120320  1.995019950125  1.336865575883  0.000095296261
  0.501873117976  1.992535491905  1.373533652677  0.000098858020
  0.502498115632  1.990057213930  0.120890219214  0.000028241265
  0.503123113288  1.987585093168  2.434308792759  0.000285915612
  0.503748110945  1.985119106700  4.779423199588  0.003001511883
  0.504373108601  1.982659231722  0.465135507098  0.000039843943
  0.504998106257  1.980205445545  2.592601855948  0.000335041564
  0.505623103913  1.977757725587  2.798037513027  0.000411605370
  0.506248101570  1.975316049383  0.944369023600  0.000064346679
  0.506873099226  1.972880394575  0.076842854842  0.000027024706
  0.507498096882  1.970450738916  0.102968812097  0.000027739810
  0.508123094538  1.968027060271  0.162275685254  0.000029434203
  0.508748092195  1.965609336609  0.516257290670  0.000041933783
  0.509373089851  1.963197546012  1.445328331693  0.000106222246
  0.509998087507  1.960791666667  0.652827339166  0.000048070631
  0.510623085163  1.958391676867  2.478383872662  0.000298820610
  0.511248082820  1.955997555012  0.247512966287  0.000032052455
  0.511873080476  1.953609279609  1.795582549078  0.000150824005
  0.512498078132  1.951226829268  0.071290671362  0.000026875128
  0.513123075788  1.948850182704  0.402692853218  0.000037432195
  0.513748073445  1.946479318735  0.218159101539  0.000031125469
  0.514373071101  1.944114216282  5.418592610999  0.005701523002
  0.514998068757  1.941754854369  2.878349787216  0.000446095655
  0.515623066413  1.939401212121  4.094492053772  0.001509744998
  0.516248064070  1.937053268765  1.435611138948  0.000105194265
  0.516873061726  1.934711003628  1.547406163859  0.000117647849
  0.517498059382  1.932374396135  0.296284133229  0.000033654128
  0.518123057039  1.930043425814  0.654381199955  0.000048145394
  0.518748054695  1.927718072289  0.567450524236  0.000044136486
  0.519373052351  1.925398315283  0.605981872486  0.000045870441
  0.519998050007  1.923084134615  0.446347326897  0.000039102363
  0.520623047664  1.920775510204  1.129673537398  0.000077453087
  0.521248045320  1.918472422062  0.184095189013  0.000030083323
  0.521873042976  1.916174850299  0.304579058125  0.000033934401
  0.522498040632  1.913882775120  0.492129845651  0.000040934133
  0.523123038289  1.911596176822  0.073512311653  0.000026934880
  0.523748035945  1.909315035800  0.561208051980  0.000043861809
  0.524373033601  1.907039332539  0.500955714131  0.000041297010
  0.524998031257  1.904769047619  1.936611042129  0.000173695214
  0.525623028914  1.902504161712  3.124958035171  0.000571151487
  0.526248026570  1.900244655582  0.751764940814  0.000053070733
  0.526873024226  1.897990510083  2.205844768317  0.000227440171
  0.527498021882  1.895741706161  0.948889365807  0.000064638315
  0.528123019539  1.893498224852  0.336659650420  0.000035040520
  0.528748017195  1.891260047281  2.264417385706  0.000241180174
  0.529373014851  1.889027154664  0.718979644850  0.000051358678
  0.529998012507  1.886799528302  1.418158433105  0.000103372880
  0.530623010164  1.884577149588  2.012725700121  0.000187449599
  0.531248007820  1.882360000000  3.408653775606  0.000759000807
  0.531873005476  1.880148061105  1.837859465401  0.000157344359
  0.532498003132  1.877941314554  0.784527225075  0.000054838647
  0.533123000789  1.875739742087  1.914585182890  0.000169906822
  0.533747998445  1.873543325527  0.609215083469  0.000046019003
  0.534372996101  1.871352046784  0.900103636276  0.000061559515
  0.534997993758  1.869165887850  0.865173343218  0.000059445685
  0.535622991414  1.866984830805  0.964811972854  0.000065676159
  0.536247989070  1.864808857809  0.120853746231  0.000028240235
  0.536872986726  1.862637951106  1.348790200192  0.000096440240
  0.537497984383  1.860472093023  0.491247867914  0.000040898046
  0.538122982039  1.858311265970  0.170419568493  0.000029674824
  0.538747979695  1.856155452436  4.347502804595  0.001945920043
  0.539372977351  1.854004634994  0.468636947332  0.000039983695
  0.539997975008  1.851858796296  0.244385320524  0.000031952384
  0.540622972664  1.849717919075  0.416208153608  0.000037941498
  0.541247970320  1.847581986143  0.018455229616  0.000025492538
  0.541872967976  1.845450980392  2.349291405258  0.000262577346
  0.542497965633  1.843324884793  0.021866599207  0.000025579616
  0.543122963289  1.841203682394  0.194683283409  0.000030403457
  0.543747960945  1.839087356322  0.708744653664  0.000050835611
  0.544372958601  1.836975889782  1.168865028042  0.000080550558
  0.544997956258  1.834869266055  0.026551901616  0.000025699698
  0.545622953914  1.832767468499  0.885042047711  0.000060638981
  0.546247951570  1.830670480549  1.560639969435  0.000119216506
  0.546872949226  1.828578285714  0.575716348270  0.000044502845
  0.547497946883  1.826490867580  5.534746927207  0.006406859138
  0.548122944539  1.824408209806  0.014388293762  0.000025389113
  0.548747942195  1.822330296128  1.338410213730  0.000095443675
  0.549372939851  1.820257110353  1.403667866913  0.000101884633
  0.549997937508  1.818188636364  1.114415874909  0.000076279703
  0.550622935164  1.816124858116  4.079627479439  0.001487403264
  0.551247932820  1.814065759637  0.718039230294  0.000051310393
  0.551872930477  1.812011325028  1.961562268391  0.000178088991
  0.552497928133  1.809961538462  3.869934884508  0.001205305492
  0.553122925789  1.807916384181  0.156378117057  0.000029261172
  0.553747923445  1.805875846501  0.453890043396  0.000039398404
  0.554372921102  1.803839909808  2.351932153357  0.000263272731
  0.554997918758  1.801808558559  3.765750397101  0.001085739187
  0.555622916414  1.799781777278  0.681222244844  0.000049455350
  0.556247914070  1.797759550562  3.173058886060  0.000599359304
  0.556872911727  1.795741863075  3.368968209231  0.000729399757
  0.557497909383  1.793728699552  0.063107949851  0.000026656192
  0.558122907039  1.791720044793  1.949158020865  0.000175890938
  0.558747904695  1.789715883669  0.731275928269  0.000051994217
  0.559372902352  1.787716201117  0.324691759711  0.000034623716
  0.559997900008  1.785720982143  3.421931409862  0.000769170501
  0.560622897664  1.783730211817  0.441114510071  0.000038898292
  0.561247895320  1.781743875278  1.018041137566  0.000069268265
  0.561872892977  1.779761957731  0.557464939276  0.000043697928
  0.562497890633  1.777784444444  1.354648768228  0.000097007302
  0.563122888289  1.775811320755  0.890703130331  0.000060983348
  0.563747885945  1.773842572062  0.201321142362  0.000030605891
  0.564372883602  1.771878183832  0.052802010495  0.000026382986
  0.564997881258  1.769918141593  0.448665909405  0.000039193126
  0.565622878914  1.767962430939  2.070035530339  0.000198520666
  0.566247876570  1.766011037528  0.376884482770  0.000036478577
  0.566872874227  1.764063947078  0.110759438474  0.000027956693
  0.567497871883  1.762121145374  0.368109763523  0.000036159921
  0.568122869539  1.760182618262  0.265855027997  0.000032645667
  0.568747867195  1.758248351648  1.195644504918  0.000082738057
  0.569372864852  1.756318331504  1.236285583941  0.000086171966
  0.569997862508  1.754392543860  3.160668282212  0.000591962438
  0.570622860164  1.752470974808  1.693066058474  0.000136113788
  0.571247857821  1.750553610503  4.090794522527  0.001504156351
  0.571872855477  1.748640437158  0.342743010162  0.000035254305
  0.572497853133  1.746731441048  0.332600379273  0.000034898588
  0.573122850789  1.744826608506  0.272077974744  0.000032849414
  0.573747848446  1.742925925926  1.633935852133  0.000128291354
  0.574372846102  1.741029379761  0.288469489589  0.000033392203
  0.574997843758  1.739136956522  3.232318240627  0.000636035112
  0.575622841414  1.737248642780  1.610791353627  0.000125353508
  0.576247839071  1.735364425163  0.969866031630  0.000066009060
  0.576872836727  1.733484290358  1.955117717024  0.000176943597
  0.577497834383  1.731608225108  0.776000960366  0.000054372958
  0.578122832039  1.729736216216  0.118873849361  0.000028184395
  0.578747829696  1.727868250540  1.134920810977  0.000077860787
  0.579372827352  1.726004314995  1.715399213725  0.000139190945
  0.579997825008  1.724144396552  0.450094189506  0.000039249143
  0.580622822664  1.722288482239  0.250904841980  0.000032161335
  0.581247820321  1.720436559140  0.516912185459  0.000041961255
  0.581872817977  1.718588614393  0.326396751333  0.000034682791
  0.582497815633  1.716744635193  0.602903886995  0.000045729457
  0.583122813289  1.714904608789  1.512304527964  0.000113586446
  0.583747810946  1.713068522484  1.739538618210  0.000142595323
  0.584372808602  1.711236363636  0.663609891407  0.000048591828
  0.584997806258  1.709408119658  0.280701487141  0.000033133863
  0.585622803914  1.707583778015  0.717901467550  0.000051303324
  0.586247801571  1.705763326226  3.267690772620  0.000658989221
  0.586872799227  1.703946751864  0.939855048596  0.000064056768
  0.587497796883  1.702134042553  3.346971720716  0.000713493398
  0.588122794540  1.700325185972  0.172096922858  0.000029724627
  0.588747792196  1.698520169851  0.608191271958  0.000045971908
  0.589372789852  1.696718981972  0.641678128018  0.000047537593
  0.589997787508  1.694921610170  1.489757652025  0.000111052001
  0.590622785165  1.693128042328  0.862837081236  0.000059306925
  0.591247782821  1.691338266385  0.126712799554  0.000028406130
  0.591872780477  1.689552270327  2.061526944840  0.000196836523
  0.592497778133  1.687770042194  0.012558858795  0.000025342726
  0.593122775790  1.685991570074  0.528923516630  0.000042468314
  0.593747773446  1.684216842105  10.003867644808  0.574561939272
  0.594372771102  1.682445846477  0.688666604585  0.000049824944
  0.594997768758  1.680678571429  3.147984051749  0.000584484909
  0.595622766415  1.678915005247  1.172737331856  0.000080863253
  0.596247764071  1.677155136268  2.204767033200  0.000227194836
  0.596872761727  1.675398952880  0.003474063723  0.000025113629
  0.597497759383  1.673646443515  3.573727036403  0.000895593579
  0.598122757040  1.671897596656  0.560038451418  0.000043810536
  0.598747754696  1.670152400835  0.456815278206  0.000039513818
  0.599372752352  1.668410844630  1.335959378071  0.000095209883
  0.599997750008  1.666672916667  0.282561472635  0.000033195538
  0.600622747665  1.664938605619  0.788630572372  0.000055064185
  0.601247745321  1.663207900208  0.928856231055  0.000063355829
  0.601872742977  1.661480789200  0.057803996066  0.000026515235
  0.602497740633  1.659757261411  0.042551282169  0.000026114023
  0.603122738290  1.658037305699  1.036886343504  0.000070586599
  0.603747735946  1.656320910973  0.313459240593  0.000034237038
  0.604372733602  1.654608066184  0.422617090745  0.000038185427
  0.604997731259  1.652898760331  0.720262015621  0.000051424593
  0.605622728915  1.651192982456  0.433968760037  0.000038621339
  0.606247726571  1.649490721649  2.236548537357  0.000234542050
  0.606872724227  1.647791967044  1.754255288723  0.000144711574
  0.607497721884  1.646096707819  7.649531603238  0.053672243458
  0.608122719540  1.644404933196  1.150705007434  0.000079100174
  0.608747717196  1.642716632444  1.247692381525  0.000087161152
  0.609372714852  1.641031794872  0.376500889019  0.000036464588
  0.609997712509  1.639350409836  0.844106166402  0.000058206071
  0.610622710165  1.637672466735  4.967947990010  0.003626715409
  0.611247707821  1.635997955010  0.338787540794  0.000035115151
  0.611872705477  1.634326864147  0.742590349284  0.000052585959
  0.612497703134  1.632659183673  0.907003752201  0.000061985895
  0.613122700790  1.630994903160  1.945814684904  0.000175303153
  0.613747698446  1.629334012220  1.126773207724  0.000077228656
  0.614372696102  1.627676500509  0.333415411775  0.000034927040
  0.614997693759  1.626022357724  3.336277619861  0.000705886045
  0.615622691415  1.624371573604  0.727341556607  0.000051790015
  0.616247689071  1.622724137931  0.846704356986  0.000058357542
  0.616872686727  1.621080040527  0.057257613090  0.000026500756
  0.617497684384  1.619439271255  1.641711236339  0.000129293706
  0.618122682040  1.617801820020  6.190860145722  0.012384110362
  0.618747679696  1.616167676768  0.999293828078  0.000067981230
  0.619372677352  1.614536831483  0.648682537548  0.000047871775
  0.619997675009  1.612909274194  2.950561708895  0.000479570180
  0.620622672665  1.611284994965  0.856419085771  0.000058927399
  0.621247670321  1.609663983903  1.003256867672  0.000068251289
  0.621872667977  1.608046231156  1.117544920286  0.000076518882
  0.622497665634  1.606431726908  0.620400335502  0.000046536676
  0.623122663290  1.604820461384  0.865560706904  0.000059468724
  0.623747660946  1.603212424850  0.405242366449  0.000037527743
  0.624372658603  1.601607607608  0.162509539228  0.000029441085
  0.624997656259  1.600006000000  3.005342877205  0.000506631670
  0.625622653915  1.598407592408  0.088144051592  0.000027331743
  0.626247651571  1.596812375250  2.425216691297  0.000283323690
  0.626872649228  1.595220338983  0.034011994717  0.000025892062
  0.627497646884  1.593631474104  0.574157962702  0.000044433542
  0.628122644540  1.592045771144  0.019880499640  0.000025528883
  0.628747642196  1.590463220676  0.017920152061  0.000025478906
  0.629372639853  1.588883813307  0.998803993454  0.000067947925
  0.629997637509  1.587307539683  0.006042468717  0.000025178187
  0.630622635165  1.585734390486  0.583196049849  0.000044836983
  0.631247632821  1.584164356436  0.394741202807  0.000037135752
  0.631872630478  1.582597428289  1.181489318389  0.000081574475
  0.632497628134  1.581033596838  0.002725210245  0.000025094837
  0.633122625790  1.579472852912  2.612843934235  0.000341904700
  0.633747623446  1.577915187377  0.460920803680  0.000039676371
  0.634372621103  1.576360591133  1.145481273427  0.000078687832
  0.634997618759  1.574809055118  0.228895752331  0.000031461375
  0.635622616415  1.573260570305  0.792389294795  0.000055271596
  0.636247614071  1.571715127701  1.752892620742  0.000144514309
  0.636872611728  1.570172718351  0.487517230995  0.000040745756
  0.637497609384  1.568633333333  0.709675919102  0.000050882983
  0.638122607040  1.567096963761  2.678104986621  0.000365004415
  0.638747604696  1.565563600783  0.091552667454  0.000027425034
  0.639372602353  1.564033235582  1.669137967933  0.000132892383
  0.639997600009  1.562505859375  0.183908083764  0.000030077696
  0.640622597665  1.560981463415  3.177614677904  0.000602102191
  0.641247595322  1.559460038986  0.968369786398  0.000065910330
  0.641872592978  1.557941577410  0.164587407319  0.000029502306
  0.642497590634  1.556426070039  1.733107559370  0.000141680291
  0.643122588290  1.554913508260  1.062527898533  0.000072420801
  0.643747585947  1.553403883495  0.458704282744  0.000039588528
  0.644372583603  1.551897187197  0.065909458927  0.000026730948
  0.644997581259  1.550393410853  1.579563016448  0.000121495968
  0.645622578915  1.548892545983  0.671574250655  0.000048980431
  0.646247576572  1.547394584139  1.680649829766  0.000134432571
  0.646872574228  1.545899516908  0.678841609020  0.000049337738
  0.647497571884  1.544407335907  1.788581749452  0.000149770679
  0.648122569540  1.542918032787  0.763000477945  0.000053670503
  0.648747567197  1.541431599229  0.016433104722  0.000025441061
  0.649372564853  1.539948026949  1.004786116583  0.000068355786
  0.649997562509  1.538467307692  2.462131140383  0.000293995390
  0.650622560165  1.536989433237  1.514934976366  0.000113885874
  0.651247557822  1.535514395393  5.858695022051  0.008870399095
  0.651872555478  1.534042186002  0.391285434069  0.000037007653
  0.652497553134  1.532572796935  0.032019307032  0.000025840538
  0.653122550790  1.531106220096  0.995604747885  0.000067730801
  0.653747548447  1.529642447419  0.993386228160  0.000067580644
  0.654372546103  1.528181470869  2.210208353963  0.000228436209
  0.654997543759  1.526723282443  0.899268195199  0.000061508090
  0.655622541415  1.525267874166  2.145991420566  0.000214208651
  0.656247539072  1.523815238095  0.695493113061  0.000050166293
  0.656872536728  1.522365366318  0.327829464125  0.000034732510
  0.657497534384  1.520918250951  0.017591934269  0.000025470548
  0.658122532041  1.519473884141  0.541622798473  0.000043011086
  0.658747529697  1.518032258065  1.467605609682  0.000108617065
  0.659372527353  1.516593364929  1.422248852178  0.000103796909
  0.659997525009  1.515157196970  1.010411872074  0.000068741586
  0.660622522666  1.513723746452  0.134381836704  0.000028624748
  0.661247520322  1.512293005671  0.269167561743  0.000032753966
  0.661872517978  1.510864966950  0.060796809260  0.000026594680
  0.662497515634  1.509439622642  0.406904976567  0.000037590184
  0.663122513291  1.508016965127  0.303248948986  0.000033889302
  0.663747510947  1.506596986817  0.030149240904  0.000025792278
  0.664372508603  1.505179680151  6.745502314083  0.021624263352
  0.664997506259  1.503765037594  1.689082060503  0.000135572055
  0.665622503916  1.502353051643  1.258269705558  0.000088088560
  0.666247501572  1.500943714822  2.453154251872  0.000291363783
  0.666872499228  1.499537019681  0.015239960524  0.000025410737
  0.667497496884  1.498132958802  0.068757364742  0.000026807156
  0.668122494541  1.496731524790  0.209503852249  0.000030857296
  0.668747492197  1.495332710280  0.466719106322  0.000039907088
  0.669372489853  1.493936507937  2.219200828563  0.000230502632
  0.669997487509  1.492542910448  0.836920828047  0.000057789223
  0.670622485166  1.491151910531  0.230781210765  0.000031520737
  0.671247482822  1.489763500931  0.915676574170  0.000062526011
  0.671872480478  1.488377674419  1.661841809210  0.000131925377
  0.672497478134  1.486994423792  2.120929643477  0.000208899811
  0.673122475791  1.485613741876  0.201242407087  0.000030603482
  0.673747473447  1.484235621521  1.697442799159  0.000136711422
  0.674372471103  1.482860055607  1.133900061121  0.000077781310
  0.674997468759  1.481487037037  1.228606747688  0.000085512401
  0.675622466416  1.480116558742  0.331743508804  0.000034868702
  0.676247464072  1.478748613678  0.412804429978  0.000037812584
  0.676872461728  1.477383194829  0.364551497879  0.000036031498
  0.677497459385  1.476020295203  0.775433007642  0.000054342079
  0.678122457041  1.474659907834  0.694170038613  0.000050099953
  0.678747454697  1.473302025783  0.174866261891  0.000029807036
  0.679372452353  1.471946642134  0.482103114201  0.000040525752
  0.679997450010  1.470593750000  0.992006264910  0.000067487411
  0.680622447666  1.469243342516  0.556318775723  0.000043647870
  0.681247445322  1.467895412844  1.612114858341  0.000125519677
  0.681872442978  1.466549954170  0.865427190330  0.000059460782
  0.682497440635  1.465206959707  3.203389826358  0.000617858821
  0.683122438291  1.463866422690  0.133096707004  0.000028587996
  0.683747435947  1.462528336380  1.096685445732  0.000074938483
  0.684372433603  1.461192694064  4.006164363534  0.001381751873
  0.684997431260  1.459859489051  2.761097920673  0.000396650474
  0.685622428916  1.458528714676  0.747034131482  0.000052820207
  0.686247426572  1.457200364299  1.232433767059  0.000085840485
  0.686872424228  1.455874431301  0.218734188043  0.000031143370
  0.687497421885  1.454550909091  2.221627985941  0.000231063579
  0.688122419541  1.453229791099  2.005792881621  0.000186152921
  0.688747417197  1.451911070780  0.128048950592  0.000028444098
  0.689372414853  1.450594741614  0.003688227928  0.000025119005
  0.689997412510  1.449280797101  0.260640607938  0.000032475915
  0.690622410166  1.447969230769  3.171234554546  0.000598264446
  0.691247407822  1.446660036166  0.734533273579  0.000052163889
  0.691872405478  1.445353206865  1.685478716300  0.000135083942
  0.692497403135  1.444048736462  1.783463406600  0.000149005245
  0.693122400791  1.442746618575  0.958271338622  0.000065247834
  0.693747398447  1.441446846847  1.247587940965  0.000087152044
  0.694372396104  1.440149414942  0.342580672185  0.000035248583
  0.694997393760  1.438854316547  0.150139858680  0.000029079254
  0.695622391416  1.437561545373  6.148749422262  0.011871071932
  0.696247389072  1.436271095153  0.713142185403  0.000051059694
  0.696872386729  1.434982959641  1.366444263830  0.000098159153
  0.697497384385  1.433697132616  0.074672271710  0.000026966131
  0.698122382041  1.432413607878  1.874803065215  0.000163272729
  0.698747379697  1.431132379249  1.096134079344  0.000074897155
  0.699372377354  1.429853440572  0.462454078366  0.000039737250
  0.699997375010  1.428576785714  1.753896070295  0.000144659546
  0.700622372666  1.427302408564  1.005789698280  0.000068424450
  0.701247370322  1.426030303030  0.041716023692  0.000026092228
  0.701872367979  1.424760463045  1.023479886111  0.000069646187
  0.702497365635  1.423492882562  0.941626633227  0.000064170393
  0.703122363291  1.422227555556  2.208085883103  0.000227951187
  0.703747360947  1.420964476021  0.306405800512  0.000033996437
  0.704372358604  1.419703637977  0.920806317886  0.000062847689
  0.704997356260  1.418445035461  5.083111018678  0.004071145382
  0.705622353916  1.417188662533  2.339577707495  0.000260035226
  0.706247351572  1.415934513274  7.173655246307  0.033257340462
  0.706872349229  1.414682581786  0.955754448031  0.000065083757
  0.707497346885  1.413432862191  0.509228272884  0.000041640060
  0.708122344541  1.412185348632  0.604541927687  0.000045804431
  0.708747342197  1.410940035273  4.170362097355  0.001629120189
  0.709372339854  1.409696916300  1.087789696073  0.000074274480
  0.709997337510  1.408455985916  1.235382183580  0.000086094106
  0.710622335166  1.407217238347  0.045272222560  0.000026185147
  0.711247332822  1.405980667838  4.250600934640  0.001765663746
  0.711872330479  1.404746268657  0.767531323117  0.000053914281
  0.712497328135  1.403514035088  1.309074676961  0.000092682594
  0.713122325791  1.402283961437  2.119205469817  0.000208539458
  0.713747323448  1.401056042032  0.300356627521  0.000033791441
  0.714372321104  1.399830271216  0.725451550277  0.000051692206
  0.714997318760  1.398606643357  1.412689104413  0.000102808616
  0.715622316416  1.397385152838  4.324539029383  0.001901604138
  0.716247314073  1.396165794066  1.112788685001  0.000076155619
  0.716872311729  1.394948561465  1.133976590598  0.000077787266
  0.717497309385  1.393733449477  0.535691988060  0.000042756742
  0.718122307041  1.392520452567  0.349581096688  0.000035496172
  0.718747304698  1.391309565217  1.991308475989  0.000183472732
  0.719372302354  1.390100781929  0.080615738791  0.000027126824
  0.719997300010  1.388894097222  1.422152327657  0.000103786883
  0.720622297666  1.387689505637  1.547570627965  0.000117667216
  0.721247295323  1.386487001733  1.801583442292  0.000151732787
  0.721872292979  1.385286580087  1.140824320954  0.000078322044
  0.722497290635  1.384088235294  1.181690551909  0.000081590901
  0.723122288291  1.382891961971  0.858036616185  0.000059022822
  0.723747285948  1.381697754750  2.229082539756  0.000232794978
  0.724372283604  1.380505608283  0.375277816803  0.000036420021
  0.724997281260  1.379315517241  0.784991056812  0.000054864095
  0.725622278916  1.378127476314  0.785379434154  0.000054885412
  0.726247276573  1.376941480207  1.183292954187  0.000081721822
  0.726872274229  1.375757523646  0.830682520974  0.000057429739
  0.727497271885  1.374575601375  1.827099069647  0.000155658495
  0.728122269541  1.373395708155  0.103650883762  0.000027758731
  0.728747267198  1.372217838765  0.721761341269  0.000051501767
  0.729372264854  1.371041988003  3.668125717349  0.000984496575
  0.729997262510  1.369868150685  0.595429184003  0.000045388889
  0.730622260167  1.368696321642  0.146635103885  0.000028977546
  0.731247257823  1.367526495727  0.557343359003  0.000043692615
  0.731872255479  1.366358667805  0.935817820187  0.000063798584
  0.732497253135  1.365192832765  0.871309921729  0.000059811712
  0.733122250792  1.364028985507  0.048573311176  0.000026271697
  0.733747248448  1.362867120954  5.235973359567  0.004746368804
  0.734372246104  1.361707234043  0.538364178218  0.000042871153
  0.734997243760  1.360549319728  0.464565062003  0.000039821221
  0.735622241417  1.359393372982  3.960860801506  0.001320377015
  0.736247239073  1.358239388795  1.653884620031  0.000130878786
  0.736872236729  1.357087362171  4.294478938642  0.001845116517
  0.737497234385  1.355937288136  0.644302149175  0.000047662512
  0.738122232042  1.354789161727  3.455377991705  0.000795396694
  0.738747229698  1.353642978003  3.669190493359  0.000985548167
  0.739372227354  1.352498732037  0.320362987895  0.000034474184
  0.739997225010  1.351356418919  5.775513255378  0.008159390779
  0.740622222667  1.350216033755  0.021792928395  0.000025577732
  0.741247220323  1.349077571669  1.516945935646  0.000114115318
  0.741872217979  1.347941027801  1.030893997195  0.000070164699
  0.742497215635  1.346806397306  1.397827330297  0.000101290864
  0.743122213292  1.345673675357  0.296403393723  0.000033658141
  0.743747210948  1.344542857143  2.193813879883  0.000224716441
  0.744372208604  1.343413937867  2.010154560501  0.000186967655
  0.744997206260  1.342286912752  2.042393419130  0.000193101385
  0.745622203917  1.341161777033  0.335623103234  0.000035004222
  0.746247201573  1.340038525963  1.862055019548  0.000161202196
  0.746872199229  1.338917154812  4.423192388553  0.002099437006
  0.747497196886  1.337797658863  3.757325429395  0.001076605688
  0.748122194542  1.336680033417  3.838155444304  0.001167500278
  0.748747192198  1.335564273790  0.673678532590  0.000049083623
  0.749372189854  1.334450375313  0.089608333203  0.000027371780
  0.749997187511  1.333338333333  0.072141659773  0.000026898000
  0.750622185167  1.332228143214  0.197961130110  0.000030503253
  0.751247182823  1.331119800333  0.378717779314  0.000036545507
  0.751872180479  1.330013300083  0.293010095558  0.000033544142
  0.752497178136  1.328908637874  2.125627379820  0.000209884806
  0.753122175792  1.327805809129  0.649066913910  0.000047890182
