2021.813 2.26590711
2021.663 2.1572839
2021.484 2.04471887
2021.284 1.03514582
2021.084 0.461544291
2020.884 -0.217434515
2020.713 0.871792782
2020.563 0.214474407
2020.384 -1.27895406
2020.184 -0.144339716
2020.013 0.340648254
2019.863 -0.765041763
2019.684 1.13231163
2019.484 1.31379969
2019.284 1.44987042
2019.084 0.589767004
2018.884 -0.485199047
2018.684 -2.1257297
2018.484 -2.86998849
2018.284 0.327636505
2018.084 1.04404372
2017.884 -0.427948617
2017.684 1.00134354
2017.484 0.298815746
2017.284 -0.0711210055
2017.084 -0.549620251
2016.884 0.702758374
2016.684 -0.981200857
2016.484 -0.316294505
2016.284 0.347775376
2016.084 0.538244574
2015.884 0.154837559
2015.684 -0.486312723
2015.484 0.888353978
2015.168 1.40945819
2014.768 1.57932933
2014.339 0.568911299
2013.889 0.816018811
2013.468 1.12647249
2013.068 0.778913974
2012.639 1.73637149
2012.189 1.53270033
2011.768 0.881645486
2011.368 1.21872698
2010.939 -0.12061717
2010.489 -0.927781855
2010.068 -1.21858151
2009.668 -1.0176036
2009.239 -1.50914384
2008.789 -1.12224797
2008.368 -1.89261885
2007.968 -0.79364261
2007.539 -1.45597902
2007.089 -0.386543363
2006.668 -0.752576009
2006.268 0.0269118619
2005.868 -1.20371714
2005.468 -2.06552676
2005.068 -0.845457067
2004.668 -1.75042971
2004.268 -1.57313004
2003.868 -1.40225646
2003.468 -0.963517221
2003.068 -2.00393654
2002.668 -1.02651346
2002.268 -0.979669193
2001.868 -0.286033446
2001.468 0.517525833
2001.068 -2.34578337
2000.668 -3.33515333
2000.268 -1.22581047
1999.868 0.500194991
1999.468 -1.07483181
1999.068 -0.0692860627
1998.755 -0.254761899
1998.505 -0.518942133
1998.255 -0.173332455
1998.005 -0.290261289
1997.726 -2.39782885
1997.426 -1.07214657
1997.155 1.61147774
1996.905 3.01093692
1996.655 0.825206988
1996.405 -0.661899506
1996.126 -0.555934414
1995.826 0.752657628
1995.555 0.4152539
1995.305 0.498828573
1995.055 1.21565215
1994.805 2.72338912
1994.526 1.23232249
1994.226 0.338151987
1993.955 1.01214885
1993.705 0.150825255
1993.368 0.657664066
1992.968 0.882957337
1992.568 0.48497087
1992.168 -0.434221231
1991.797 -0.628718379
1991.447 0.747536384
1991.068 0.45606525
1990.668 -1.60675409
1990.268 -2.97978154
1989.868 -2.10631026
1989.497 0.239114878
1989.147 0.644218137
1988.768 1.27034972
1988.368 0.691251707
1987.997 0.506107543
1987.647 0.510796812
1987.268 -0.406066459
1986.868 -0.142344699
1986.497 0.784445032
1986.147 -1.09175122
1985.826 -0.919021754
1985.526 -4.02409135
1985.255 -4.46124312
1985.005 -5.16235846
1984.726 -1.8450695
1984.426 0.0474418288
1984.155 -1.36344512
1983.905 -2.29753497
1983.655 -3.79309827
1983.405 -0.0737231413
1983.126 1.46947226
1982.826 1.28025679
1982.555 -0.109305098
1982.305 0.145476676
1982.055 0.607565228
1981.805 -1.66745982
1981.526 -1.18807622
1981.226 -0.234488796
1980.955 0.254157735
1980.705 -0.205424377
1980.455 2.78499015
1980.205 1.27252138
1979.926 0.46955687
1979.626 1.30691262
1979.355 0.476137724
1979.105 0.630208806
1978.826 0.0363116945
1978.526 0.0944405537
1978.255 0.427597898
1978.005 0.321444506
1977.726 0.0388766662
1977.426 -0.713604482
1977.155 -0.91886749
1976.905 -2.70730627
1976.626 -0.907935765
1976.326 -0.655316246
1976.055 -1.98843498
1975.805 -3.49434513
1975.526 -3.01296245
1975.226 -0.682380585
1974.723 0.810085891
1974.073 1.98803507
1973.452 0.72481385
1972.852 0.289071028
1972.223 0.994833651
1971.573 -0.455246351
1970.923 -1.37117379
1970.273 0.436007356
1969.623 0.319567588
1968.973 2.000271
1968.352 0.542785625
1967.752 -0.533495322
1967.123 -1.68647794
1966.473 -0.689036781
1965.823 -0.0154172173
1965.173 1.37986236
1964.523 0.664561568
1963.873 0.362796184
1963.252 -0.876417931
1962.652 -0.653561697
1961.965 0.174720759
1961.215 0.199971791
1960.494 1.53534952
1959.794 1.74325671
1959.065 1.9146888
1958.315 0.900812482
1957.565 1.79861532
1956.815 1.80208982
1956.094 1.32317977
1955.394 0.962941861
1954.694 0.67129065
1953.994 0.804316264
1953.265 -0.484874024
1952.515 0.384041173
1951.794 0.85937067
1951.094 0.766000201
1950.394 0.0164706556
1949.694 -0.55028513
1948.965 -3.78144532
1948.215 -5.10647743
1947.378 -4.2941349
1946.478 -3.86851821
1945.578 -3.61194781
1944.678 -2.6802384
1943.778 -2.11556787
1942.878 -1.4729247
1941.949 -1.21428216
1940.999 -0.218506331
1940.078 -0.821437749
1939.178 -0.545158192
1938.278 -0.242133375
1937.378 -0.619136324
1936.478 0.0714014962
1935.578 -1.69860618
1934.707 -0.809407401
1933.857 -2.20947253
1932.978 -3.07604133
1932.078 -0.780911049
1931.178 -1.36954591
1930.278 -1.97550778
1929.436 -1.88234277
1928.636 -0.895474151
1927.807 0.487848045
1926.957 0.0546709922
1926.165 -0.388964386
1925.415 -1.06432093
1924.636 -1.60927468
1923.836 -0.0811650249
1923.036 0.230803654
1922.236 1.40969809
1921.436 1.05751759
1920.636 -0.600603559
1919.807 0.493097064
1918.957 -0.416303965
1918.136 0.709636604
1917.336 -0.695688016
1916.536 -0.665224891
1915.736 -2.40412311
1914.965 -1.72053658
1914.215 -1.89934909
1913.697 -0.994921341
1913.347 -1.49060818
1913.026 -0.777633156
1912.726 -1.42300379
1912.426 -0.655004222
1912.126 -0.699521361
1911.797 -0.821511986
1911.447 -0.47678099
1911.097 -0.0733032325
1910.747 -0.824737633
1910.426 -0.895342879
1910.126 -0.959697913
1909.826 0.13401777
1909.526 -1.0750828
1909.226 -1.81544369
1908.926 -1.32219249
1908.626 -1.77320644
1908.326 -0.141722199
1908.055 1.3881271
1907.805 -0.197310637
1907.584 0.59083888
1907.384 0.369008694
1907.213 1.35110844
1907.063 0.287631071
1906.913 0.453946527
1906.763 0.4934669
1906.613 0.361904907
1906.463 1.85186326
1906.313 1.24134276
1906.163 0.482985681
1906.013 0.956233996
1905.863 1.23015013
1905.713 0.293293561
1905.563 -0.542013227
1905.413 -0.071106192
1905.263 0.0939971854
1905.113 0.311873001
1904.963 1.98416163
1904.784 2.01678518
1904.584 4.03057617
1904.326 1.16037643
1904.026 1.998674
1903.697 2.29125177
1903.347 1.96032373
1902.997 0.886322195
1902.647 1.67789347
1902.326 1.75270337
1902.026 1.96594323
1901.697 3.01870517
1901.347 2.33679554
1901.026 0.766484706
1900.726 1.45408383
1900.368 2.72201561
1899.968 1.62494317
1899.655 0.731198138
1899.405 1.55653801
1899.097 2.17555624
1898.747 3.31879612
1898.426 0.712615545
1898.126 0.723477619
1897.739 0.352574311
1897.289 1.87892222
1896.897 0.0359110523
1896.547 0.923340298
1896.168 -0.326536682
1895.768 -0.566165525
1895.339 0.370565167
1894.889 1.97055703
1894.439 1.55534278
1893.989 1.71986667
1893.597 0.865915246
1893.247 1.8641683
1892.897 0.563638175
1892.547 0.263065744
1892.168 0.233394716
1891.768 1.82427465
1891.368 -0.0968235325
1890.968 0.164008459
1890.568 -1.65583004
1890.168 -1.22147359
1889.797 -0.443262942
1889.447 -1.483211
1889.039 -2.94547345
1888.589 -3.13085434
1888.197 -2.82112035
1887.847 -1.22097927
1887.439 0.688085121
1886.989 1.17822197
1886.539 -0.0421099389
1886.089 0.533142283
1885.726 1.04639587
1885.426 2.07361947
1885.068 0.305653901
1884.668 -1.8624882
1884.297 -0.33251814
1883.947 0.303161294
1883.597 -2.09106741
1883.247 -2.17224183
1882.839 -3.04748639
1882.389 -3.83087392
1881.939 -4.3325419
1881.489 -5.58870079
1881.039 -4.20078896
1880.589 0.0660223593
1880.197 1.01957448
1879.847 -0.602532402
1879.468 0.349132512
1879.068 2.42423082
1878.639 2.31249737
1878.189 0.335261482
1877.739 2.05478582
1877.289 0.455772488
1876.868 1.40839035
1876.468 0.312761377
1876.068 -0.462102602
1875.668 -3.41233884
1875.239 -5.99593905
1874.789 -8.49096451
1874.368 -6.89644001
1873.968 -7.17134546
1873.51 -5.92680746
1873.01 -4.88265603
1872.539 -2.45416304
1872.089 0.816213976
1871.639 -0.506851623
1871.189 -1.46750487
1870.71 -1.53891264
1870.21 -0.482247868
1869.71 -0.309871369
1869.21 -1.12295381
1868.768 -2.19727515
1868.368 -1.83491071
1868.055 -1.77775339
1867.805 -0.352469415
1867.381 -0.108137
1866.831 0.0178553547
1866.368 -0.668902504
1865.968 -1.13259647
1865.539 -0.454043761
1865.089 -2.86216929
1864.697 -1.50961626
1864.347 0.60352033
1863.939 0.22710589
1863.489 -0.939927829
1863.039 -2.90755937
1862.589 -2.46292145
1862.139 1.22389803
1861.689 0.201725393
1861.297 0.884952618
1860.947 -1.19313418
1860.539 -0.710090053
1860.089 -4.90454787
1859.668 -4.02874123
1859.268 -2.12224094
1858.897 -0.861928166
1858.547 1.60476612
1858.168 0.0524543626
1857.768 -0.421170627
1857.339 0.951467598
1856.889 0.269299707
1856.497 -1.92505138
1856.147 -3.65466287
1855.768 -3.81541652
1855.368 -6.6500611
1854.997 -4.49050173
1854.647 -4.1427553
1854.297 -2.84602671
1853.947 -1.53903054
1853.597 0.825790367
1853.247 1.35200397
1852.868 0.894172696
1852.468 0.76766138
1852.01 0.051954846
1851.51 -1.62536776
1851.068 -2.82045173
1850.668 -2.39666797
1850.268 -2.72669588
1849.868 -0.850752256
1849.468 -0.961231029
1849.068 -2.88596027
1848.726 -4.24901929
1848.426 -5.63427543
1848.068 -6.01859189
1847.668 -5.98306004
1847.268 -5.95256666
1846.868 -4.14265505
1846.439 -3.97291672
1845.989 -4.74717397
1845.539 -3.90461528
1845.089 -2.67821717
1844.668 -1.8305295
1844.268 -0.50965227
1843.868 -2.56465037
1843.468 -2.72868901
1843.039 -3.38170038
1842.589 -1.74544094
1842.168 -2.32132361
1841.768 -2.0916762
1841.339 -0.726035865
1840.889 -0.154604683
1840.468 0.471682183
1840.068 -0.565650213
1839.668 0.407485229
1839.268 -0.163724466
1838.868 -0.231246236
1838.468 -2.03351259
1838.068 -2.72863502
1837.668 -5.24820567
1837.268 -4.92219404
1836.868 -3.36451723
1836.439 -4.69219604
1835.989 -2.45807896
1835.597 -1.30636553
1835.247 -0.914381612
1834.868 -2.04176382
1834.468 0.0670054381
1834.039 -0.382899637
1833.589 -2.46875894
1833.197 -2.37872327
1832.847 -0.827690781
1832.439 -0.894799714
1831.989 -3.16342097
1831.597 0.545452649
1831.247 -0.00251060271
1830.868 -1.94892197
1830.468 -1.10546349
1830.01 -0.967790349
1829.51 -1.54305589
1829.068 -0.254249189
1828.668 -0.511864614
1828.297 -2.32183922
1827.947 -3.47554589
1827.597 -3.19674666
1827.247 -2.64023983
1826.839 -2.84546972
1826.389 -4.56566525
1825.968 -5.4807654
1825.568 -7.46407131
1825.11 -12.5113446
1824.61 -10.4129769
1824.139 -10.3721259
1823.689 -6.33514601
1823.239 -6.15542488
1822.789 -6.02938964
1822.368 -4.11909324
1821.968 -4.0683707
1821.568 -0.885033097
1821.168 -0.476167893
1820.739 -1.00084328
1820.289 -0.530872918
1819.868 -1.38802924
1819.468 -2.48268311
1819.068 -2.82449221
1818.668 -2.5456302
1818.297 -2.95660733
1817.947 -1.5927886
1817.539 -0.459385232
1817.089 -1.34362653
1816.639 -1.08139538
1816.189 -2.05688178
1815.768 -2.39048153
1815.368 -2.08202202
1814.939 -1.58746803
1814.489 -4.41289808
1814.068 -4.31062665
1813.668 -5.355054
1813.239 -5.4845967
1812.789 -4.17146755
1812.31 -3.13713831
1811.81 -1.76923373
1811.368 -2.17273475
1810.968 -5.08628638
1810.539 -5.10694859
1810.089 -3.61779143
1809.668 -2.66995996
1809.268 -2.98900577
1808.868 -3.57243899
1808.468 -3.46490829
1808.068 -4.13639809
1807.668 -3.81385482
1807.297 -3.76693005
1806.947 -2.4214162
1806.597 -2.65184034
1806.247 -2.19808153
1805.81 -2.76524561
1805.31 -4.09254799
1804.868 -5.347435
1804.468 -6.01458462
1804.068 -4.38237121
1803.668 -4.68528358
1803.326 -3.900181
1803.026 -4.10372477
1802.668 -4.75592935
1802.268 -3.03572153
1801.839 -4.20051525
1801.389 -3.20059687
1801.026 -2.62459308
1800.726 -3.31405002
1800.368 -1.44116073
1799.968 -1.91153741
1799.568 -3.05461565
1799.168 -2.68457785
1798.739 -1.08944698
1798.289 -1.50871128
1797.839 -2.2360946
1797.389 -2.60976778
1796.939 -5.88111578
1796.489 -5.00461779
1796.097 -4.04363103
1795.747 -5.14013803
1795.31 -2.81351059
1794.81 -2.11773974
1794.339 -3.92668521
1793.889 -4.45873172
1793.439 -3.37459297
1792.989 -4.36488891
1792.597 -4.39334578
1792.247 -3.0424432
1791.868 -3.27961327
1791.468 -3.76972634
1791.097 -5.39422559
1790.747 -2.79604487
1790.368 -2.83411687
1789.968 -2.43686854
1789.597 -2.93394455
1789.247 -2.18750139
1788.868 -2.45024424
1788.468 -2.91922428
1788.097 -3.06822741
1787.747 -3.80034528
1787.397 -4.73442449
1787.047 -5.27419431
1786.668 -3.7941087
1786.268 -4.04176819
1785.868 -6.1611378
1785.468 -8.20301156
1785.039 -5.73866479
1784.589 -3.78652368
1784.139 -4.53573892
1783.689 -3.50969796
1783.297 -4.14113313
1782.947 -2.74480215
1782.539 -3.75862564
1782.089 -3.42167727
1781.668 -3.70585062
1781.268 -3.0486281
1780.839 -3.96107661
1780.389 -3.30146486
1779.968 -3.77101919
1779.568 -5.51043153
1779.139 -5.13336492
1778.689 -2.20525802
1778.21 -3.64345317
1777.71 -3.43011434
1777.268 -4.10792311
1776.868 -3.87008901
1776.497 -3.37150335
1776.147 -2.86809197
1775.768 -1.35836136
1775.368 -3.04297173
1775.026 -3.98924828
1774.726 -5.70657547
1774.339 -8.30426754
1773.889 -9.36349369
1773.526 -6.9209763
1773.226 -6.26333395
1772.839 -11.9935919
1772.389 -14.69039
1771.968 -11.5227898
1771.568 -8.39407637
1771.139 -3.87019133
1770.689 -2.54688128
1770.268 -3.38316391
1769.868 -3.14805263
1769.468 -1.80720339
1769.068 -1.74536932
1768.668 -2.36091247
1768.268 -2.03118854
1767.926 -1.94082004
1767.626 -2.87395407
1767.268 -2.0831948
1766.868 -1.91777888
1766.468 -2.49227212
1766.068 -1.76425364
1765.726 -2.12188406
1765.426 -2.446861
1765.097 -0.36293384
1764.747 -1.03417727
1764.368 -1.62930878
1763.968 -1.02212832
1763.51 -0.597760447
1763.01 -0.328117203
1762.568 -0.362904757
1762.168 -1.02562019
1761.71 -0.86451914
1761.21 -2.55778556
1760.797 -1.08534231
1760.447 -2.82831562
1760.068 -1.24961981
1759.668 -2.15441311
1759.268 -1.10068828
1758.868 -1.10463143
1758.468 0.68113825
1758.068 -0.63778054
1757.61 -1.68353579
1757.11 -1.41545864
1756.726 -1.74799165
1756.426 -1.77135426
1756.068 -0.455380444
1755.668 -1.5473007
1755.268 -1.22760735
1754.868 -0.248780562
1754.468 -1.62935027
1754.068 -1.73446015
1753.697 -1.83693954
1753.347 -2.92718432
1752.968 -2.3029798
1752.568 -0.682207268
1752.168 -1.21673737
1751.768 -0.965468926
1751.368 -0.43863522
1750.968 -1.00831539
1750.597 -1.18484941
1750.247 -0.781099269
1749.897 -0.0991038641
1749.547 -0.0640723359
1749.139 1.23176997
1748.689 -1.03509722
1748.326 0.312573533
1748.026 -0.675626846
1747.697 -1.60645984
1747.347 0.27893233
1746.997 -2.1556553
1746.647 -1.11255731
1746.268 -0.342422656
1745.868 -0.964607765
1745.468 -0.575692525
1745.068 -0.395400021
1744.668 -0.539976096
1744.268 -0.277068592
1743.868 -0.598229614
1743.468 -0.406861413
1743.126 -0.399060612
1742.826 -0.152577596
1742.497 -0.111696332
1742.147 -0.600846218
1741.768 -0.566285581
1741.368 -0.527511104
1740.997 0.228879587
1740.647 0.700412935
1740.268 -0.233473448
1739.868 -0.744211679
1739.497 -0.798245949
1739.147 -1.22481074
1738.768 -1.27082763
1738.368 -0.643497431
1737.968 -0.0120704116
1737.568 0.777337032
1737.168 -0.297740179
1736.768 -0.733726194
1736.397 -0.562651351
1736.047 -0.823369084
1735.697 0.0701367713
1735.347 -0.635613803
1734.968 -0.457000806
1734.568 -1.20546749
1734.168 -1.11801602
1733.768 -0.785110723
1733.368 -1.35778505
1732.968 -2.54535637
1732.568 -2.292965
1732.168 -2.46536617
1731.768 -2.22704129
1731.368 -1.98227202
1730.968 -2.26248445
1730.568 -1.69987594
1730.226 -1.11306798
1729.926 -2.73400395
1729.539 -2.04908521
1729.089 -1.49597209
1728.639 -1.6509326
1728.189 -1.37582554
1727.855 -0.938572812
1727.605 -0.795481723
1727.297 -1.93070631
1726.947 -2.30426433
1726.568 -0.958326004
1726.168 0.228326618
1725.797 -1.07849489
1725.447 -2.65062592
1725.068 -2.2097792
1724.668 -2.09805582
1724.326 -1.87393064
1724.026 -1.0259292
1723.697 -2.13264388
1723.347 -2.64923745
1722.91 -3.50336051
1722.41 -1.83708311
1721.939 -3.13842717
1721.489 -2.74387503
1721.068 -1.64531725
1720.668 -1.73000157
1720.297 -0.822637323
1719.947 -1.76609366
1719.597 -2.46693047
1719.247 -2.09253296
1718.897 -2.07054841
1718.547 -2.07521235
1718.139 -2.03486965
1717.689 -2.06949549
1717.239 -1.86095492
1716.789 -0.500692583
1716.397 -1.09698266
1716.047 -1.51005715
1715.668 -0.37679871
1715.268 -1.24500508
1714.839 -1.72898822
1714.389 -0.649634001
1713.997 -2.01649424
1713.647 -0.056432398
1713.268 -0.637391792
1712.868 -1.37310858
1712.497 -1.15754862
1712.147 -1.24492878
1711.797 -1.53098815
1711.447 -1.97386155
1711.097 -0.447797993
1710.747 -1.99044613
1710.397 -1.30935096
1710.047 -1.80017486
1709.668 -2.43948143
1709.268 -2.53849457
1708.868 -3.60488989
1708.468 -3.71486814
1708.097 -4.04153418
1707.747 -3.95048616
1707.397 -1.78534703
1707.047 -2.18866191
1706.639 -2.22157014
1706.189 -1.77582283
1705.826 -1.7936601
1705.526 -2.18628835
1705.197 -2.72909074
1704.847 -1.58423747
1704.497 -2.52864965
1704.147 -4.02017967
1703.768 -1.64786837
1703.368 -4.23308387
1702.997 -2.93405828
1702.647 -2.19881551
1702.297 -2.20966919
1701.947 -3.39872506
1701.597 -3.01507603
1701.247 -4.44230207
1700.868 -3.00197003
1700.468 -4.18230512
1700.097 -1.58962791
1699.747 -2.19325462
1699.368 -2.75818001
1698.968 -3.00988955
1698.597 -1.19665235
1698.247 -2.57090366
1697.897 -2.06330878
1697.547 -2.35924877
1697.226 -2.5218343
1696.926 -2.4025541
1696.597 -2.83990585
1696.247 -1.18892977
1695.868 -0.895870355
1695.468 -0.729027324
1695.097 -0.482861515
1694.747 -1.35693284
1694.397 -1.7747194
1694.047 -1.16344655
1693.668 -2.77572277
1693.268 -1.87261573
1692.897 -2.50294895
1692.547 -3.55190384
1692.168 -4.13585089
1691.768 -2.15895483
1691.397 -1.99829799
1691.047 -2.75571195
1690.639 -2.73397579
1690.189 -2.84383267
1689.768 -1.42738392
1689.368 -2.30597406
1688.997 -1.88429775
1688.647 -2.49579531
1688.268 -1.3156126
1687.868 -1.60481378
1687.526 -0.777074015
1687.226 -2.83735784
1686.926 -2.6458548
1686.626 -2.5642475
1686.297 -3.09997811
1685.947 -3.43797964
1685.539 -2.74564948
1685.089 -2.39726768
1684.639 -1.57093217
1684.189 -2.8806115
1683.768 -0.403798328
1683.368 -2.18133595
1682.997 -1.66143815
1682.647 -2.25769711
1682.268 -2.02670157
1681.868 -1.57651839
1681.439 -1.28580052
1680.989 -1.46445287
1680.568 -1.58265411
1680.168 -1.08497342
1679.739 -0.855938342
1679.289 -0.719167483
1678.926 -0.812883414
1678.626 -1.23517883
1678.268 -2.44329557
1677.868 -2.04039201
1677.468 -1.47435645
1677.068 -1.57706938
1676.697 -0.575270395
1676.347 -1.48662013
1675.968 -0.829748203
1675.568 0.113686965
1675.168 -1.5637499
1674.768 -1.05500813
1674.339 -1.60524336
1673.889 -0.0615322902
1673.526 -0.193395655
1673.226 -0.113924759
1672.868 0.135843833
1672.468 -0.217550788
1672.039 -0.999552501
1671.589 -0.230196968
1671.168 0.285141791
1670.768 0.0497186662
1670.397 -0.46005582
1670.047 0.291292812
1669.726 0.199260606
1669.426 0.752841312
1669.068 0.709710396
1668.668 1.26440643
1668.239 0.138783913
1667.789 0.346027514
1667.368 0.949379141
1666.968 0.525175127
1666.597 1.73990437
1666.247 1.6607171
1665.897 0.796014858
1665.547 1.88740586
1665.226 0.425346536
1664.926 1.16196163
1664.597 1.3693236
1664.247 0.67664241
1663.868 2.23213163
1663.468 0.767976115
1663.126 0.741906329
1662.826 0.881336053
1662.439 0.143582792
1661.989 1.19751919
1661.568 -0.265960559
1661.168 0.469985983
1660.768 1.33348655
1660.368 0.803806406
1659.968 1.29076047
1659.568 -0.187301474
1659.139 0.17370442
1658.689 0.428662797
1658.239 2.15001645
1657.789 0.834255923
1657.397 0.609758175
1657.047 2.1057577
1656.668 1.26930822
1656.268 0.879780128
1655.868 0.541882678
1655.468 1.79726545
1655.068 0.202545888
1654.668 -0.690107576
1654.297 -0.145447957
1653.947 -0.188209036
1653.539 -0.0923191486
1653.089 -0.252011477
1652.61 0.849698434
1652.11 -0.00742746037
1651.581 0.0699278638
1651.031 -0.906084873
1650.51 0.084205087
1650.01 -1.14537306
1649.539 -1.71059334
1649.089 -0.095275938
1648.552 -0.158634018
1647.952 -0.440813088
1647.381 -0.406163212
1646.831 -0.103985875
1646.31 -0.28096496
1645.81 0.241513867
1645.281 -0.705828914
1644.731 -0.708081347
1644.123 -1.72696384
1643.473 0.0643661827
1642.939 -0.668785985
1642.489 -1.18936024
1641.952 -0.479873689
1641.352 -1.58488262
1640.752 -2.73937814
1640.152 -2.11413167
1639.523 -1.60796384
1638.873 -0.994216707
1638.281 -0.128252732
1637.731 1.88186932
1637.21 0.343162334
1636.71 0.715842681
1636.152 0.558690919
1635.552 0.5485931
1634.923 0.542362621
1634.273 0.744047741
1633.594 1.77595872
1632.894 0.828863391
1632.252 1.08252299
1631.652 1.52052744
1630.965 0.13482318
1630.215 1.34485136
1629.581 0.109991324
1629.031 0.636041855
1628.423 -0.225100832
1627.773 0.0210030818
1627.094 0.892061908
1626.394 -0.109330293
1625.752 0.583522207
1625.152 -0.166772342
1624.523 -0.216156152
1623.873 -0.0408920835
1623.194 -0.302542697
1622.494 -0.103730337
1621.823 0.855101145
1621.173 -0.165595627
1620.552 0.19573369
1619.952 -0.152476195
1619.323 -0.287917437
1618.673 -0.304274078
1618.052 0.00680319793
1617.452 0.265744708
1616.852 -0.404194908
1616.252 -0.732933392
1615.652 -0.730383333
1615.052 0.127330093
1614.423 -1.13265227
1613.773 1.19896261
1613.094 0.774544064
1612.394 -0.262580802
1611.665 1.40163653
1610.915 0.440991373
1610.223 1.77475684
1609.573 0.35969648
1608.894 -0.651296819
1608.194 -1.33691661
1607.552 -0.211839862
1606.952 -1.22172407
1606.352 -1.4538532
1605.752 -0.977283106
1605.065 -0.105703797
1604.315 0.447703966
1603.652 -0.398559092
1603.052 -0.143684686
1602.452 0.316281023
1601.852 -0.50867602
1601.223 -0.33799194
1600.573 0.139100818
1599.894 -0.570629641
1599.194 -0.444453851
1598.523 -1.47454198
1597.873 -1.17116214
1597.194 -1.29982613
1596.494 -0.674096327
1595.823 -2.05503511
1595.173 -0.408567064
1594.494 -0.207898447
1593.794 -0.935975845
1593.152 -2.11021752
1592.552 1.23399892
1591.865 -1.28306779
1591.115 0.967343783
1590.452 0.648389152
1589.852 -1.20557402
1589.281 -0.390480145
1588.731 -0.375515872
1588.181 0.327195362
1587.631 -0.0822472851
1586.965 0.443988469
1586.215 -0.211917077
1585.494 -0.256709689
1584.794 0.0818556616
1584.152 -1.32125644
1583.552 -0.276886335
1582.981 -0.43359976
1582.431 0.286351062
1581.794 -0.213536129
1581.094 -1.26701068
1580.394 -0.63289173
1579.694 -1.01712311
1578.994 -2.02008311
1578.294 -2.14959887
1577.594 -1.03747095
1576.894 -1.62510109
1576.31 -1.66365855
1575.81 -1.62519298
1575.194 -2.2345426
1574.494 -2.59792381
1573.852 -1.17126891
1573.252 -2.06042701
1572.681 -1.37707097
1572.131 -1.39696233
1571.552 -2.4271947
1570.952 -2.08229494
1570.323 -2.23469895
1569.673 -0.550489512
1569.023 -0.563643678
1568.373 -1.93108498
1567.694 -3.13206291
1566.994 -3.09586826
1566.294 -2.77825838
1565.594 -2.54292274
1565.01 -2.23289252
1564.51 -1.03225013
1563.952 -1.48177346
1563.352 -0.0226866607
1562.752 -0.671502552
1562.152 -0.966142117
1561.552 0.0243854362
1560.952 -0.435850044
1560.41 -1.03355559
1559.91 0.398322506
1559.294 -0.562269756
1558.594 -0.852909907
1558.01 -1.03673043
1557.51 0.156841531
1556.952 -0.316362434
1556.352 -0.307060967
1555.694 -0.604588436
1554.994 -1.3282811
1554.323 -0.167563429
1553.673 -0.794825634
1553.081 -1.99412592
1552.531 -0.452003405
1552.01 -0.789167769
1551.51 0.186990694
1550.981 1.81276789
1550.431 0.0472653688
1549.823 -0.455531605
1549.173 -0.253268566
1548.61 -0.360312222
1548.11 -2.00234676
1547.552 -1.81836709
1546.952 -2.15321143
1546.352 -0.51789538
1545.752 -1.37544039
1545.152 -1.59998296
1544.552 -2.64696795
1543.923 -1.32046531
1543.273 -0.573892338
1542.623 0.329666558
1541.973 0.553347174
1541.381 0.301111283
1540.831 -0.173260028
1540.252 -0.106074529
1539.652 -0.777525525
1539.023 -1.01718788
1538.373 0.32764775
1537.839 0.451594264
1537.389 -0.47380356
1536.823 0.553825216
1536.173 1.01120011
1535.61 -0.10977435
1535.11 0.350282948
1534.523 1.48454278
1533.873 1.57051633
1533.223 1.24340375
1532.573 2.29414212
1531.923 1.11100227
1531.273 0.486294463
1530.652 0.59316832
1530.052 2.62263046
1529.51 1.56989451
1529.01 1.41113898
1528.539 2.1035865
1528.089 1.86917947
1527.61 1.25080611
1527.11 0.152612864
1526.61 1.60361546
1526.11 2.3460377
1525.552 0.156059578
1524.952 1.87799504
1524.352 2.18291558
1523.752 2.40043906
1523.21 1.73974102
1522.71 1.52804941
1522.152 0.895632946
1521.552 0.833434007
1520.952 2.03833253
1520.352 1.74045283
1519.752 1.53078309
1519.152 1.79347654
1518.523 2.46400186
1517.873 1.5363854
1517.252 2.33112368
1516.652 2.24770386
1516.052 1.11099071
1515.452 1.98354101
1514.794 2.3064867
1514.094 2.18517136
1513.394 2.20682081
1512.694 1.07534768
1511.936 0.879843222
1511.136 1.47993888
1510.336 1.2708644
1509.536 1.33033336
1508.765 1.66941453
1508.015 0.608473633
1507.236 -0.303864896
1506.436 -0.57642099
1505.607 0.381027185
1504.757 -0.653746768
1503.878 -0.267716684
1502.978 0.799759235
1502.136 -0.112351325
1501.336 0.13878474
1500.449 0.808902041
1499.499 -0.455798252
1498.52 1.25604528
1497.52 0.718919262
1496.491 0.364269194
1495.441 0.15988111
1494.478 -0.469656149
1493.578 -0.0186910067
1492.62 0.774394267
1491.62 0.860152077
1490.62 0.25862833
1489.62 0.342805929
1488.649 -0.461591087
1487.699 0.429410677
1486.72 1.16282924
1485.72 0.397775391
1484.807 0.413924066
1483.957 1.83916454
1483.02 1.91241359
1482.02 2.50709099
1481.078 2.54819025
1480.178 1.2035183
1479.249 2.35223614
1478.299 2.0165689
1477.349 1.58779457
1476.399 0.386433132
1475.391 2.1786115
1474.341 0.760868257
1473.291 0.861986576
1472.241 1.27155405
1471.249 0.924727247
1470.299 0.561334946
1469.32 1.63986086
1468.32 2.21786173
1467.349 0.872666742
1466.399 0.34174148
1465.478 -0.873614436
1464.578 1.14963548
1463.707 1.93633799
1462.857 2.84908669
1461.978 3.30314166
1461.078 1.20545953
1460.178 0.520776748
1459.278 2.51248312
1458.349 0.881721673
1457.399 1.99312322
1456.42 0.763934308
1455.42 0.242043834
1454.391 0.358928307
1453.341 1.46804668
1452.407 -0.17118172
1451.557 1.23529149
1450.62 0.274890612
1449.62 -0.110825959
1448.707 0.996643197
1447.857 0.97841065
1446.978 -0.732709682
1446.078 -0.594970163
1445.207 0.00491860506
1444.357 -0.335732089
1443.478 -1.15601422
1442.578 -3.19042653
1441.678 -2.91005386
1440.778 -0.871691673
1439.849 0.351524848
1438.899 2.64784073
1438.036 1.02891794
1437.236 0.107381184
1436.378 0.717800339
1435.478 -0.207701947
1434.636 1.07881516
1433.836 0.0425119396
1432.891 0.27407142
1431.841 1.3331159
1430.907 0.707893232
1430.057 -0.52849648
1429.236 -0.518688847
1428.436 -0.33790253
1427.636 -0.0655543224
1426.836 -0.186485082
1425.949 0.344553782
1424.999 -0.194289743
1424.107 0.207534238
1423.257 -0.122462811
1422.349 -0.175548732
1421.399 0.0454691166
1420.449 1.00611137
1419.499 0.688692888
1418.607 -0.0271165473
1417.757 -1.47768162
1416.936 -0.217633285
1416.136 -0.439540737
1415.365 0.231628677
1414.615 -1.25965505
1413.836 0.0123478271
1413.036 -0.39332748
1412.207 -0.263680034
1411.357 -0.156071755
1410.536 0.464107416
1409.736 0.00268644586
1408.907 -0.85997934
1408.057 0.187657931
1407.236 -1.18144818
1406.436 -0.0630620341
1405.636 -0.0662313156
1404.836 -0.355367856
1403.949 -0.0752855957
1402.999 -1.25842138
1402.165 -1.11649435
1401.415 -0.951925398
1400.607 -0.170981881
1399.757 2.22389568
1398.878 0.842000394
1397.978 1.12063761
1397.107 0.15228822
1396.257 0.872455729
1395.349 0.891048375
1394.399 0.0324798375
1393.536 0.989566056
1392.736 0.839067643
1391.965 0.00549409411
1391.215 0.538779874
1390.32 1.16598707
1389.32 1.36210496
1388.436 1.4493531
1387.636 1.94874442
1386.778 -0.345941562
1385.878 0.653402773
1384.978 0.581816019
1384.078 -0.285116144
1383.207 -0.00955378455
1382.357 1.25185048
1381.507 0.00647906719
1380.657 0.813008791
1379.749 1.75993535
1378.799 0.604654843
1377.907 0.511682211
1377.057 0.0295980225
1376.207 0.333759948
1375.357 0.780515068
1374.391 0.736194796
1373.341 0.79145406
1372.465 -0.209465508
1371.715 0.374470137
1370.849 -0.476092426
1369.899 0.148603895
1369.036 -0.362583382
1368.236 0.0795071112
1367.407 -1.79337905
1366.557 -0.154422255
1365.707 1.43339821
1364.857 -0.610493236
1364.036 -0.0702247611
1363.236 -0.266261725
1362.436 0.299626808
1361.636 0.587935471
1360.778 -0.817707275
1359.878 -0.247391959
1359.036 -0.768547623
1358.236 -0.18504028
1357.349 0.0309644487
1356.399 -0.343708086
1355.623 0.686668314
1354.973 -0.123931076
1354.236 0.999932338
1353.436 -0.160338221
1352.52 -0.133837265
1351.52 0.16719275
1350.665 0.0171220566
1349.915 -0.583645294
1349.049 -0.530553587
1348.099 0.967617657
1347.178 0.277633411
1346.278 0.0521045539
1345.436 0.243466433
1344.636 -1.07896095
1343.807 0.390466703
1342.957 0.216968844
1342.165 1.29250894
1341.415 0.828616274
1340.636 0.466491657
1339.836 0.88948642
1339.007 -0.514888291
1338.157 -0.214251832
1337.307 -0.205552959
1336.457 0.468164592
1335.549 -0.408552368
1334.599 0.305924628
1333.707 -0.0485199733
1332.857 -0.0563677452
1331.92 -0.320413404
1330.92 -1.17247226
1329.978 0.038646912
1329.078 -0.00448907096
1328.265 0.43882741
1327.515 -0.120715503
1326.678 0.820830927
1325.778 0.209011777
1324.878 0.404511985
1323.978 0.756672316
1323.107 0.268313963
1322.257 0.718179191
1321.378 0.723947107
1320.478 2.09626427
1319.607 1.63178972
1318.757 0.858210869
1317.965 1.07146557
1317.215 0.961961372
1316.465 1.05292901
1315.715 1.1529748
1314.878 1.81655056
1313.978 0.480281075
1313.107 1.07080859
1312.257 0.629873458
1311.436 0.559447025
1310.636 1.27076387
1309.894 2.20595138
1309.194 1.09947375
1308.523 1.40686127
1307.873 0.45573326
1307.049 0.9994556
1306.099 0.642718104
1305.178 1.01377295
1304.278 0.681643274
1303.378 1.35220202
1302.478 1.1090215
1301.636 1.34655964
1300.836 0.153784295
1300.094 1.29169962
1299.394 1.46423252
1298.578 1.6874636
1297.678 1.970642
1296.778 2.70422069
1295.878 1.39326467
1295.007 1.96280519
1294.157 1.2899089
1293.365 -0.0541083184
1292.615 0.538057447
1291.923 1.73280374
1291.273 0.466271275
1290.507 1.57371154
1289.657 1.03451237
1288.807 1.03671825
1287.957 2.13413044
1287.107 0.776703488
1286.257 1.87386698
1285.32 1.43566835
1284.32 0.435109038
1283.494 0.753725223
1282.794 0.309630378
1281.978 0.483170563
1281.078 -0.566026485
1280.207 0.320024002
1279.357 2.81801876
1278.478 0.385977336
1277.578 0.206415948
1276.649 0.568938872
1275.699 1.15686644
1274.807 1.29714464
1273.957 0.944611849
1273.136 0.213631036
1272.336 1.80346583
1271.507 0.736699596
1270.657 1.27996826
1269.894 1.69381954
1269.194 2.97923424
1268.378 2.96080354
1267.478 0.642876108
1266.549 3.28716973
1265.599 1.65373482
1264.678 4.70204501
1263.778 1.93436545
1262.907 2.7973718
1262.057 3.04411486
1261.236 1.38988826
1260.436 1.19991561
1259.636 2.94916487
1258.836 1.46336614
1257.978 2.6049505
1257.078 1.72197778
1256.149 3.47581033
1255.199 1.53417159
1254.307 1.33438209
1253.457 1.76717617
1252.578 3.17814262
1251.678 1.6794808
1250.836 1.8196202
1250.036 2.72483112
1249.178 1.22243646
1248.278 1.47161424
1247.436 1.47928684
1246.636 2.91034681
1245.72 2.98759638
1244.72 1.57577103
1243.836 1.52314293
1243.036 1.37017756
1242.12 1.80729433
1241.12 1.89660614
1240.236 2.08500559
1239.436 1.51809262
1238.752 2.65790901
1238.152 2.10022915
1237.349 1.50542597
1236.399 2.30670158
1235.449 1.7168617
1234.499 2.62248971
1233.607 1.23648586
1232.757 2.49181708
1231.82 1.62133074
1230.82 2.06636086
1229.907 0.82535976
1229.057 1.24609997
1228.207 2.32300523
1227.357 1.81320954
1226.565 1.45639198
1225.815 2.74600874
1224.978 2.06997705
1224.078 1.20884661
1223.265 2.13544771
1222.515 0.754922174
1221.649 2.2382502
1220.699 1.51696791
1219.749 0.424006997
1218.799 1.33121696
1217.878 1.03433091
1216.978 -0.267849086
1216.107 1.74532108
1215.257 1.09761778
1214.378 1.19556671
1213.478 0.991106688
1212.607 1.68580246
1211.757 0.357350242
1210.994 0.701684382
1210.294 1.42648131
1209.536 -0.775434489
1208.736 -0.485273946
1207.849 -0.209223512
1206.899 0.239540507
1206.123 1.18299203
1205.473 1.27941053
1204.707 -0.782102373
1203.857 0.0837330349
1203.036 0.988810398
1202.236 0.342594203
1201.407 1.12416463
1200.557 1.4975875
1199.707 0.167599253
1198.857 -0.23492574
1197.92 2.274715
1196.92 0.552241338
1196.007 1.35631161
1195.157 0.35811841
1194.336 0.465860463
1193.536 -0.461884456
1192.649 -1.45625772
1191.699 -0.942378672
1190.865 -0.00689834488
1190.115 -1.16243025
1189.307 -0.647354917
1188.457 0.503720572
1187.607 1.36413252
1186.757 1.19669493
1185.849 2.03912294
1184.899 1.11392582
1184.036 0.338327787
1183.236 1.05170099
1182.378 0.502110516
1181.478 1.44111363
1180.578 1.2943214
1179.678 0.652110833
1178.836 0.80232412
1178.036 0.810366637
1177.178 1.05657358
1176.278 2.7174177
1175.436 0.990325692
1174.636 1.46847936
1173.72 1.58657009
1172.72 1.08066405
1171.72 3.41473481
1170.72 2.64952329
1169.807 1.22487938
1168.957 1.59837635
1168.107 1.80685409
1167.257 1.48998004
1166.378 1.09690236
1165.478 1.51143479
1164.578 1.54575223
1163.678 0.336726317
1162.778 1.76885152
1161.878 1.74308028
1161.065 1.41543108
1160.315 1.24086373
1159.536 1.48556436
1158.736 2.48378917
1158.023 2.70742931
1157.373 1.55698281
1156.578 1.85368731
1155.678 1.91146354
1154.865 1.084156
1154.115 0.172135008
1153.365 0.69578154
1152.615 -1.50087469
1151.807 0.179347159
1150.957 0.333239813
1150.049 -0.574251076
1149.099 0.584465395
1148.149 0.246406514
1147.199 -0.281476087
1146.307 1.17677058
1145.457 -0.109271333
1144.578 0.523200205
1143.678 0.941630851
1142.778 -0.181637787
1141.878 -1.12414819
1141.036 -1.04507551
1140.236 -0.464565602
1139.436 -1.54242938
1138.636 -1.56944539
1137.749 -1.70381264
1136.799 -1.11725686
1135.965 -1.31361378
1135.215 -0.979841059
1134.349 -1.82790043
1133.399 -1.5250052
1132.507 -1.30678215
1131.657 -1.13007819
1130.836 -1.56874881
1130.036 -0.450541176
1129.265 -1.80031052
1128.515 -0.532987943
1127.678 -1.98910526
1126.778 -1.68555833
1125.936 -0.805683531
1125.136 -1.71087104
1124.336 -1.71606705
1123.536 -2.21404731
1122.678 -1.45892154
1121.778 -1.7713504
1120.936 -3.48948736
1120.136 -3.53737313
1119.307 -2.37766266
1118.457 -1.75638389
1117.665 -3.04013988
1116.915 -2.01717248
1116.165 -1.69860969
1115.415 -2.15663663
1114.694 -0.85265928
1113.994 -0.492113288
1113.265 0.710071669
1112.515 -0.251286426
1111.678 -0.00791833546
1110.778 -0.176372967
1109.936 -1.60742538
1109.136 -0.561056819
1108.336 -0.401573579
1107.536 -0.657848896
1106.707 -0.00370964083
1105.857 0.63215213
1105.123 -0.619131158
1104.473 0.749826639
1103.736 -0.0957575474
1102.936 0.0304033032
1102.136 0.45211798
1101.336 1.02353991
1100.478 0.0952017869
1099.578 2.03208372
1098.707 0.748021183
1097.857 0.141930954
1096.92 -0.48681369
1095.92 0.182941475
1095.065 0.968837889
1094.315 2.29107102
1093.507 1.01370351
1092.657 1.23752093
1091.778 0.164650233
1090.878 -0.200646367
1090.036 0.126773493
1089.236 -0.643442904
1088.378 -1.20315191
1087.478 0.00302697252
1086.636 -0.923296874
1085.836 -1.4891165
1085.065 -2.02630495
1084.315 -1.8288379
1083.507 -1.00786621
1082.657 -0.221101323
1081.807 -2.33697874
1080.957 -0.777825588
1080.165 -1.25354072
1079.415 -0.896179632
1078.52 0.657060004
1077.52 -1.01323187
1076.636 -2.93323824
1075.836 -1.30133981
1075.007 -1.51906329
1074.157 -1.28668013
1073.307 -1.00723423
1072.457 -0.930303116
1071.607 -2.12004576
1070.757 0.117387188
1070.023 -0.750543592
1069.373 -0.220351815
1068.694 -2.11597414
1067.994 -1.38960345
1067.207 -0.887389267
1066.357 -2.77916475
1065.507 -2.26020326
1064.657 -2.24366824
1063.836 -2.07394446
1063.036 -3.00204171
1062.265 -1.73950194
1061.515 -1.72201413
1060.62 -1.88470923
1059.62 -1.24725923
1058.707 -1.19779243
1057.857 -0.763613253
1057.065 -1.83089234
1056.315 -2.40701793
1055.507 -1.43206017
1054.657 -0.383396759
1053.749 -1.12475479
1052.799 -1.55006167
1051.965 -0.289415988
1051.215 -1.6792617
1050.349 -1.51622653
1049.399 -1.57392231
1048.565 -1.74073437
1047.815 0.335642346
1046.949 0.183888183
1045.999 -0.603430089
1045.049 -1.03053338
1044.099 0.233344834
1043.294 0.547681161
1042.594 0.727511294
1041.894 1.36823405
1041.194 1.7735728
1040.436 1.25520312
1039.636 1.35563897
1038.836 0.277487265
1038.036 2.44158068
1037.207 0.615239214
1036.357 0.278095561
1035.478 0.50569484
1034.578 1.8579274
1033.707 -0.981479448
1032.857 0.694607811
1032.036 0.119039714
1031.236 0.553663434
1030.407 0.269770104
1029.557 0.126241314
1028.794 1.50517957
1028.094 0.672235737
1027.365 0.592309989
1026.615 1.09301346
1025.894 0.540393914
1025.194 0.873128279
1024.436 0.654066671
1023.636 0.428095799
1022.836 0.354311789
1022.036 1.40737654
1021.207 -0.271885643
1020.357 1.5477134
1019.507 0.114267219
1018.657 0.431265443
1017.662 0.270595402
1016.562 0.252746791
1015.549 1.05051505
1014.599 -1.21248545
1013.794 0.751562694
1013.094 -0.324563871
1012.336 -1.2836093
1011.536 0.516310261
1010.707 -0.326838461
1009.857 -0.201860939
1009.065 2.05889843
1008.315 1.62448742
1007.449 -0.0233430194
1006.499 1.23041736
1005.636 1.36226096
1004.836 0.436785513
1004.036 -0.251055184
1003.236 0.732963166
1002.349 1.4282641
1001.399 0.458077935
1000.478 0.456179678
999.578 0.299322433
998.707 1.2255121
997.857 -0.0940876643
996.978 -0.179238738
996.078 -2.86096676
995.207 -1.23147701
994.357 0.787881477
993.565 -0.685041857
992.815 -1.01197734
992.007 0.678388925
991.157 -0.255503533
990.278 -0.195754058
989.378 0.645033629
988.536 0.0280486512
987.736 -0.217482348
986.907 -1.12066787
986.057 0.430414965
985.207 -0.601369746
984.357 0.922871116
983.507 2.66238106
982.657 2.45220111
981.836 2.70059055
981.036 2.31550247
980.265 2.68820357
979.515 1.78643472
978.649 2.26159338
977.699 1.63626247
976.749 2.58499595
975.799 2.78917885
974.994 2.83805117
974.294 2.45277746
973.536 4.62121815
972.736 2.03318238
971.936 3.61778977
971.136 2.21212981
970.336 3.40483019
969.536 4.17532873
968.649 3.38874596
967.699 2.08461505
966.807 2.31641785
965.957 0.874235264
965.078 1.12717613
964.178 1.59960303
963.336 1.22317808
962.536 0.977950719
961.736 1.09847724
960.936 1.95942573
960.049 1.2471972
959.099 2.67582458
958.236 3.42712013
957.436 1.22874872
956.607 1.5652128
955.757 0.411557171
954.965 1.44940939
954.215 1.0203399
953.349 1.85433406
952.399 1.44760431
951.536 1.22304067
950.736 2.32713276
949.936 -0.296729235
949.136 0.906604916
948.336 1.08001972
947.536 0.930892637
946.678 1.8937246
945.778 0.761297117
944.936 -0.569668329
944.136 -0.0280951534
943.307 -1.86103226
942.457 -0.440066373
941.607 1.42294506
940.757 0.559454554
939.994 1.68813698
939.294 1.82158104
938.536 2.4975299
937.736 0.732520149
936.907 1.80931896
936.057 1.19795287
935.236 1.48194821
934.436 2.93489316
933.636 0.0364288296
932.836 0.689734262
932.036 0.885895532
931.236 0.0598771638
930.465 1.77854002
929.715 2.31030042
928.965 1.02401209
928.215 1.94812657
927.436 2.07433516
926.636 3.22443228
925.749 3.15436427
924.799 2.98288319
923.936 2.34816116
923.136 3.01422167
922.307 2.32964631
921.457 2.96441946
920.665 2.74721716
919.915 2.03941392
919.194 2.39125897
918.494 2.54419563
917.765 1.97945411
917.015 1.91238683
916.294 1.41161392
915.594 0.863967278
914.807 0.665085878
913.957 0.427611512
913.107 0.490217729
912.257 -2.51449843
911.436 -1.25298769
910.636 -2.55136916
909.807 -1.69550934
908.957 -2.62868109
908.194 -3.39371163
907.494 -2.38074262
906.765 -2.69330725
906.015 -1.14820479
905.12 -1.45676214
904.12 -2.42371777
903.294 -2.76727286
902.594 -2.08857044
901.807 -1.91250863
900.957 -0.964957451
900.165 -1.53038602
899.415 -2.20825617
898.578 -2.04970715
897.678 -2.97168663
896.749 -1.21442713
895.799 -0.404147776
894.965 -1.7720433
894.215 -1.3249462
893.465 -2.3668863
892.715 -0.883783366
891.907 -2.4533847
891.057 -1.00542138
890.236 -1.11022587
889.436 -1.58035603
888.665 -1.79429874
887.915 -0.879983426
887.165 -0.579346846
886.415 -0.468993732
885.665 -0.34073904
884.915 -2.65275613
884.078 -3.00999623
883.178 -0.283154414
882.278 -1.59837354
881.378 -0.139725745
880.594 -1.6352848
879.894 -1.81411458
879.223 -0.706106342
878.573 0.80272153
877.836 0.68581693
877.036 -0.0595995605
876.323 0.00216846386
875.673 -0.267627753
874.994 -0.341196869
874.294 -0.748942421
873.507 0.40362775
872.657 1.57027432
871.894 0.983267298
871.194 0.843849514
870.465 1.45216221
869.715 3.62657236
868.936 0.626744471
868.136 -0.0283828379
867.278 -0.821769999
866.378 -0.846445282
865.449 0.406830292
864.499 0.0334174169
863.636 -0.228386185
862.836 -0.0166136924
862.123 -0.656138106
861.473 0.272046583
860.736 -1.17639311
859.936 0.528317278
859.194 0.42895451
858.494 0.682692516
857.794 1.2111719
857.094 2.903527
856.365 2.62251173
855.615 3.29992893
854.894 -1.75303163
854.194 -0.00845438471
853.465 1.79770437
852.715 2.80104463
851.936 3.01489973
851.136 3.62039792
850.336 1.94720469
849.536 2.57136128
848.765 2.9599305
848.015 1.4415092
847.12 2.2750949
846.12 1.78787368
845.323 2.44307011
844.673 1.02831566
843.994 1.97979771
843.294 0.213926898
842.594 -0.97082557
841.894 1.18833447
841.194 0.00779674922
840.494 1.2783897
839.823 0.331027782
839.173 1.38522972
838.494 -1.69456292
837.794 1.23334938
837.036 2.75339918
836.236 2.57811563
835.465 1.28694588
834.715 1.93291803
833.936 3.15854671
833.136 3.49405805
832.423 1.95042997
831.773 1.80865304
831.094 2.51046498
830.394 0.779724263
829.694 0.925938029
828.994 2.1075329
828.294 1.4714077
827.594 1.04200805
826.836 1.34294085
826.036 2.46681029
825.323 0.558507562
824.673 1.46675851
823.965 1.19966036
823.215 1.61350886
822.465 0.322169253
821.715 0.627555855
821.052 0.316398387
820.452 0.303057382
819.823 0.345435213
819.173 -0.617863777
818.523 1.02973617
817.873 2.89156751
817.281 3.55906811
816.731 2.04299012
816.152 2.09608328
815.552 2.04041131
814.952 3.30937313
814.352 1.53440526
813.694 2.93717443
812.994 1.87668813
812.323 2.95010972
811.673 3.09033455
810.965 2.13119258
810.215 2.09507853
809.552 2.24586123
808.952 3.49899057
808.352 2.4420083
807.752 0.834760283
807.123 2.53317666
806.473 3.35805931
805.823 2.06726181
805.173 2.18842768
804.552 2.14627187
803.952 1.68870253
803.323 3.54094668
802.673 3.51920021
802.052 2.81647883
801.452 3.43971219
800.881 2.57579109
800.331 2.79631531
799.752 2.30889422
799.152 2.99724808
798.552 2.58387802
797.952 3.62915244
797.352 2.92390256
796.752 2.71901109
796.152 3.08914366
795.552 1.68732255
794.894 1.07296668
794.194 2.71158663
793.494 2.7228357
792.794 3.23208525
792.239 2.95382444
791.789 1.86643357
791.281 2.52835037
790.731 2.5917523
790.21 2.59536248
789.71 2.85716037
789.181 2.79514931
788.631 3.03456162
788.081 1.55382858
787.531 2.64586129
786.981 2.09830234
786.431 2.42368282
785.881 2.35112078
785.331 1.33252669
784.723 2.2498283
784.073 2.34851076
783.394 2.41073299
782.694 3.09085304
781.994 1.8514577
781.294 1.83482156
780.623 3.40531638
779.973 3.68358074
779.294 2.45613229
778.594 2.27470072
777.836 2.06085902
777.036 1.44671839
776.207 2.22240694
775.357 0.645357419
774.536 1.56458263
773.736 0.864321403
772.878 1.67836704
771.978 1.75993067
771.078 0.991745567
770.178 1.92780041
769.278 1.78137597
768.378 1.725574
767.42 1.33710082
766.42 2.18332301
765.42 0.155269394
764.42 -0.825334198
763.391 0.942516464
762.341 1.23300176
761.262 0.554697234
760.162 2.13124972
759.062 1.4417365
757.962 1.61672548
756.862 1.53759927
755.762 0.91973451
754.604 2.12994554
753.404 0.254618116
752.291 0.318516416
751.241 -0.79124803
750.133 -1.04861896
748.983 1.0681273
747.891 0.603281557
746.841 0.491142339
745.733 0.782174845
744.583 0.562033932
743.375 0.469391719
742.125 1.69723721
740.933 1.73053384
739.783 1.38573547
738.72 0.825493269
737.72 0.0546873085
736.749 0.449282018
735.799 -0.517197997
734.82 0.958025418
733.82 0.709427148
732.791 0.907814501
731.741 0.529252225
730.662 1.48301867
729.562 2.26290445
728.578 1.02944978
727.678 3.11716202
726.633 3.26135796
725.483 2.49418884
724.42 2.79581907
723.42 3.47188426
722.42 4.95456007
721.42 3.67385827
720.42 2.7187725
719.42 2.72424781
718.449 3.38369925
717.499 2.85583887
716.433 2.19579044
715.283 2.76949039
714.22 2.2773475
713.22 2.92727103
712.22 1.83890176
711.22 1.87908303
710.249 0.388832226
709.299 0.370700654
708.378 1.27343017
707.478 -0.516427915
706.433 0.172779343
705.283 0.347218419
704.133 1.71182007
702.983 0.867856163
701.92 3.39659749
700.92 2.70726353
699.978 1.39482396
699.078 1.87756438
698.149 1.22139048
697.199 1.8085451
696.278 3.53616005
695.378 2.99225074
694.478 2.46383452
693.578 3.63111279
692.649 2.97614883
691.699 2.17432667
690.749 3.21143055
689.799 3.89161987
688.791 3.46783606
687.741 2.7758858
686.749 3.04149941
685.799 2.69346522
684.849 2.66657395
683.899 2.45447131
682.92 2.92672973
681.92 2.32686319
681.007 1.90450357
680.157 2.45354311
679.249 2.82731319
678.299 1.80927587
677.349 1.79031302
676.399 0.511897256
675.478 1.93422521
674.578 1.1144409
673.62 1.76875296
672.62 1.74783536
671.765 1.14208387
671.015 2.81419571
670.207 3.41635029
669.357 2.78489722
668.449 3.40145171
667.499 3.73256022
666.607 3.30876527
665.757 2.76659477
664.878 2.87268159
663.978 3.40313583
663.049 3.5507679
662.099 3.26879232
661.149 3.4135292
660.199 3.86452255
659.336 5.35774086
658.536 4.67015226
657.62 4.63687945
656.62 -0.0418204181
655.504 1.30537826
654.304 4.11759697
653.249 4.09915379
652.299 2.9598735
651.32 3.55906991
650.32 2.89520148
649.32 1.47997813
648.32 1.9239743
647.436 0.743026344
646.636 1.16703201
645.72 2.08240588
644.72 2.80559176
643.749 2.68278965
642.799 2.07885531
641.907 3.41999055
641.057 2.15222319
640.149 2.19212026
639.199 2.56686093
638.191 2.57263962
637.141 4.10013478
636.149 4.39386345
635.199 3.14395915
634.307 0.289046671
633.457 2.3382547
632.549 3.29292836
631.599 3.51722718
630.707 3.07644485
629.857 3.92126513
628.891 1.81145634
627.841 2.87736546
626.82 4.02583074
625.82 4.01256624
624.762 3.94262675
623.662 4.39900587
622.591 3.39042231
621.541 2.49554509
620.578 3.47949008
619.678 4.2629317
618.807 2.64636928
617.957 2.05066198
617.078 2.6857235
616.178 4.2393963
615.307 3.41078413
614.457 3.57139291
613.549 1.50834393
612.599 1.56625558
611.62 0.490102037
610.62 0.979356685
609.707 1.82064131
608.857 1.64391927
608.007 2.8483379
607.157 1.69780562
606.249 1.49523976
605.299 0.93499075
604.349 1.30480868
603.399 0.242227328
602.507 -0.544790439
601.657 -2.33494714
600.778 -2.04887013
599.878 -2.98072436
598.978 -0.155213593
598.078 1.74007725
597.178 0.173217011
596.278 -0.336879381
595.349 -3.10753828
594.399 -2.68306945
593.391 -5.50093348
592.341 -5.44362134
591.436 -2.00693341
590.636 -0.196509485
589.778 -0.804927661
588.878 -0.590054933
587.978 -1.60333298
587.078 -2.67350462
586.207 -1.31836935
585.357 0.383927406
584.478 -0.522011385
583.578 0.0869936615
582.649 -0.374388902
581.699 -0.474616809
580.778 -0.328994222
579.878 -0.400679028
578.92 0.132430667
577.92 -0.0280897528
576.978 0.527190914
576.078 1.22677411
575.294 0.361694935
574.594 -0.49685041
573.72 -0.388959348
572.72 0.00480493351
571.807 -0.254239131
570.957 0.63404308
569.962 0.972293174
568.862 2.66107506
567.849 1.64612545
566.899 2.55364804
565.949 1.90430719
564.999 3.61891598
564.02 3.18902475
563.02 1.27772432
562.107 2.96424164
561.257 2.77442454
560.465 2.6137516
559.715 2.48622315
558.907 3.226992
558.057 3.32654008
557.149 4.39077213
556.199 2.89825372
555.307 2.92718784
554.457 4.7101809
553.578 4.05109868
552.678 3.92062611
551.807 3.96700769
550.957 3.23306679
550.078 3.07327564
549.178 4.32495307
548.249 2.97354194
547.299 2.64628811
546.262 2.28585728
545.162 2.78770864
544.091 3.53929603
543.041 2.37344785
542.049 2.42849438
541.099 3.537039
540.265 4.93161891
539.515 2.83214873
538.678 3.73598416
537.778 3.49095091
536.791 4.44395588
535.741 3.64640818
534.749 4.75284806
533.799 2.75802212
532.878 2.94306072
531.978 3.6347781
531.049 3.64152408
530.099 3.3451467
529.265 -0.410179739
528.515 -2.02954681
527.649 1.19710373
526.699 2.5684926
525.778 2.71884504
524.878 2.8889685
523.978 3.41372086
523.078 3.14000193
522.149 3.72446128
521.199 1.47137029
520.365 1.7756125
519.615 2.06225026
518.662 2.08764917
517.562 2.15694295
516.665 2.71385467
515.915 2.7569753
515.078 0.991342174
514.178 0.367322893
513.307 -0.0635986129
512.457 -0.546235313
511.549 0.491469723
510.599 0.377431491
509.62 1.86451863
508.62 1.434479
507.591 -0.215240144
506.541 0.504703963
505.636 -0.825119158
504.836 -0.100760207
503.92 0.565290226
502.92 0.19846228
501.949 -0.0465389511
500.999 0.0582462245
500.02 0.54799345
499.02 1.29769072
498.02 1.798458
497.02 0.221248964
496.107 1.09286546
495.257 1.71576203
494.378 0.962257666
493.478 0.149593329
492.549 0.283492745
491.599 3.70931289
490.562 1.65258199
489.462 1.53169737
488.478 2.41774267
487.578 1.24053931
486.678 2.164017
485.778 1.68164045
484.791 1.4446996
483.741 1.49129834
482.865 1.48313466
482.115 1.32992472
481.307 2.56485149
480.457 2.50337567
479.549 2.29114265
478.599 1.07162613
477.649 2.27719396
476.699 3.25265571
475.778 1.35550282
474.878 1.26974262
473.891 0.72745659
472.841 2.58660318
471.878 1.52252562
470.978 2.72720435
469.991 2.59518641
468.941 2.27495912
467.949 1.87116673
466.999 2.85057632
466.078 3.2427767
465.178 4.50534395
464.278 2.59940695
463.378 3.7835614
462.507 2.97405798
461.657 2.71317242
460.749 1.79873121
459.799 2.36644283
458.82 3.34327208
457.82 -0.791116705
456.849 3.07846846
455.899 3.30682226
454.978 2.8640464
454.078 2.88646671
453.062 2.67829461
451.962 2.40061244
450.949 1.81046653
449.999 1.92730387
448.991 3.10037994
447.941 2.06607374
446.978 2.55679889
446.078 1.59596291
445.149 2.07897816
444.199 1.14673804
443.278 1.80002834
442.378 1.77671012
441.391 3.01816854
440.341 2.11842051
439.262 2.0448545
438.162 0.651892133
437.178 0.214026168
436.278 0.18927321
435.262 1.44260465
434.162 1.01750532
433.091 0.392563008
432.041 1.01279473
431.049 1.29639452
430.099 0.823456492
429.091 0.529923147
428.041 -0.744733741
427.049 -1.5543337
426.099 -0.834949405
425.236 -0.796757191
424.436 -0.862887979
423.578 -0.309713947
422.678 0.287213469
421.807 1.33300257
