421.807 0.76506423
422.678 -0.0751308446
423.578 -0.572277263
424.436 -1.03310041
425.236 -1.01678826
426.099 -1.0820747
427.049 -1.67101034
428.041 -1.09083809
429.091 -0.155887977
430.099 0.031395106
431.049 0.359172658
432.041 0.107857455
433.091 -0.401730263
434.162 0.0418022296
435.262 0.332878725
436.278 -0.656185415
437.178 -0.663149103
438.162 -0.355508335
439.262 0.680751645
440.341 0.709507382
441.391 1.37215432
442.378 0.399402169
443.278 0.39704058
444.199 -0.122555617
445.149 0.570957051
446.078 0.183105632
446.978 0.90109232
447.941 0.508312033
448.991 1.28151002
449.999 0.367769771
450.949 0.263766748
451.962 0.700460569
453.062 0.897836726
454.078 1.04407314
454.978 1.01609705
455.899 1.34439714
456.849 1.15967705
457.82 -1.80996186
458.82 1.34364998
459.799 0.588275992
460.749 0.146796765
461.657 0.840067742
462.507 1.03434842
463.378 1.6487336
464.278 0.738471306
465.178 2.19263759
466.078 1.22361771
466.999 0.920970886
467.949 0.169742146
468.941 0.477301539
469.991 0.721745367
470.978 0.823108799
471.878 -0.0973302093
472.841 0.718672885
473.891 -0.700266156
474.878 -0.281323927
475.778 -0.211015146
476.699 1.24607109
477.649 0.507038637
478.599 -0.406748286
479.549 0.535956638
480.457 0.709097087
481.307 0.767581088
482.115 -0.164890385
482.865 -0.0351285423
483.741 -0.0126171207
484.791 -0.0263884926
485.778 0.177829423
486.678 0.569706983
487.578 -0.112272996
488.478 0.813796247
489.462 0.164413319
490.562 0.279267658
491.599 1.87185901
492.549 -0.735215792
493.478 -0.827829732
494.378 -0.197387731
495.257 0.38728536
496.107 -0.0818423154
497.02 -0.743482808
498.02 0.465625332
499.02 0.0812373963
500.02 -0.495665496
500.999 -0.874982453
501.949 -0.964729196
502.92 -0.788295464
503.92 -0.518973602
504.836 -1.04315728
505.636 -1.61486467
506.541 -0.615752477
507.591 -1.18586316
508.62 0.0526500765
509.62 0.35403347
510.599 -0.813989349
511.549 -0.759778995
512.457 -1.58721771
513.307 -1.2512268
514.178 -0.957173271
515.078 -0.518104297
515.915 0.795174231
516.665 0.728586981
517.562 0.262616004
518.662 0.158036312
519.615 0.0935620903
520.365 -0.160945976
521.199 -0.433422344
522.149 1.24274055
523.078 0.749633904
523.978 0.914870472
524.878 0.469629359
525.778 0.295161218
526.699 0.137596635
527.649 -0.954390252
528.515 -3.46095226
529.265 -2.25364888
530.099 0.584985285
531.049 0.773667009
531.978 0.732961944
532.878 0.17126223
533.799 -0.00220971187
534.749 1.49213194
535.741 0.61683115
536.791 1.1997115
537.778 0.446278227
538.678 0.61355931
539.515 -0.0937360692
540.265 1.50331872
541.099 0.427568602
542.049 -0.429279178
543.041 -0.475410091
544.091 0.418602204
545.162 -0.1468965
546.262 -0.50992489
547.299 -0.209522963
548.249 0.0676387906
549.178 1.13314748
550.078 0.208565629
550.957 0.365540508
551.807 0.964812156
552.678 0.970785074
553.578 1.11399459
554.457 1.66443231
555.307 0.346771681
556.199 0.375918288
557.149 1.57370299
558.057 0.81605412
558.907 0.794359617
559.715 0.280272931
560.465 0.423652984
561.257 0.596452749
562.107 0.796552604
563.02 -0.43411224
564.02 1.0933759
564.999 1.4858206
565.949 0.235796624
566.899 0.793978355
567.849 0.160902394
568.862 1.00142217
569.962 -0.222898385
570.957 -0.421029443
571.807 -1.04789353
572.72 -0.795888956
573.72 -1.04260138
574.594 -1.07639149
575.294 -0.376338929
576.078 0.326961189
576.978 -0.164513645
577.92 -0.546006109
578.92 -0.377458865
579.878 -0.742847273
580.778 -0.654225175
581.699 -0.736797829
582.649 -0.633556216
583.578 -0.259130278
584.478 -0.708246883
585.357 -0.002342195
586.207 -1.29903707
587.078 -2.33625331
587.978 -1.51172763
588.878 -0.739358671
589.778 -0.907557761
590.636 -0.444924651
591.436 -1.8340737
592.341 -4.47430642
593.391 -4.53788943
594.399 -2.40367798
595.349 -2.74957187
596.278 -0.652981546
597.178 -0.277167824
598.078 0.891670448
598.978 -0.588743452
599.878 -2.78359631
600.778 -2.10694147
601.657 -2.36293091
602.507 -1.03106521
603.399 -0.470692406
604.349 0.295390776
605.299 -0.0366182385
606.249 0.340997334
607.157 0.44603934
608.007 1.27863025
608.857 0.308865651
609.707 0.394436924
610.62 -0.302530672
611.62 -0.736218748
612.599 0.0282928004
613.549 -0.0733886205
614.457 1.45085438
615.307 1.27910718
616.178 1.86289962
617.078 0.622622888
617.957 0.0871075761
618.807 0.494820915
619.678 1.68319254
620.578 1.03507434
621.541 0.23173296
622.591 0.863811503
623.662 1.58088636
624.762 1.17755964
625.82 1.18150776
626.82 1.1500085
627.841 0.232003294
628.891 -0.621779737
629.857 0.95713503
630.707 0.283037352
631.599 0.592126317
632.549 0.392693642
633.457 -0.361010038
634.307 -1.95047653
635.199 0.213060795
636.149 1.15043099
637.141 0.90846762
638.191 -0.275625886
639.199 -0.291867599
640.149 -0.587333191
641.057 -0.624758139
641.907 0.340254892
642.799 -0.688940886
643.749 -0.229053432
644.72 -0.135806358
645.72 -0.688573778
646.636 -1.38717623
647.436 -1.70986926
648.32 -0.803748925
649.32 -1.13863313
650.32 -0.0502443378
651.32 0.464288643
652.299 0.0133175235
653.249 0.89273129
654.304 0.916933673
655.504 -1.22251791
656.62 -2.24118351
657.62 1.34979075
658.536 1.38705421
659.336 1.92411516
660.199 0.794044889
661.149 0.462768299
662.099 0.366672636
663.049 0.598563877
663.978 0.500018862
664.878 0.108354155
665.757 0.0410599626
666.607 0.469154868
667.499 0.807242847
668.449 0.5684662
669.357 0.110232621
670.207 0.605370539
671.015 0.155860225
671.765 -1.11333842
672.62 -0.639438016
673.62 -0.611839562
674.578 -1.10194912
675.478 -0.465518438
676.399 -1.54420532
677.349 -0.55715814
678.299 -0.534019995
679.249 0.253051508
680.157 -0.0251078564
681.007 -0.437808884
681.92 -0.107009803
682.92 0.360121504
683.899 0.00680390003
684.849 0.176856477
685.799 0.205491259
686.749 0.480026239
687.741 0.285935514
688.791 0.825476197
689.799 1.15995728
690.749 0.649873767
691.699 -0.13254765
692.649 0.492459513
693.578 1.00555909
694.478 0.124994999
695.378 0.542364197
696.278 0.972154273
697.199 -0.334884126
698.149 -0.768524084
699.078 -0.250819897
699.978 -0.604322237
700.92 0.416733557
701.92 0.962981345
702.983 -0.950429038
704.133 -0.281834084
705.283 -1.3023797
706.433 -1.41057695
707.478 -1.91542625
708.378 -0.527225472
709.299 -1.19850069
710.249 -1.16506401
711.22 -0.00460346547
712.22 -0.0118485093
713.22 0.842658006
714.22 0.366286053
715.283 0.765401581
716.433 0.3529848
717.499 0.881664969
718.449 1.308237
719.42 0.825152768
720.42 0.843590221
721.42 1.60028098
722.42 2.60441188
723.42 1.49489881
724.42 1.0034283
725.483 0.802099336
726.633 1.4201257
727.678 1.33896006
728.578 -0.234002514
729.562 0.735298493
730.662 0.166939443
731.741 -0.536050101
732.791 -0.221800553
733.82 -0.350864655
734.82 -0.139840523
735.799 -1.24945271
736.749 -0.493201579
737.72 -0.778723835
738.72 -0.173791566
739.783 0.269163178
740.933 0.548204633
742.125 0.535341367
743.375 -0.390530642
744.583 -0.309882581
745.733 -0.131930948
746.841 -0.348063857
747.891 -0.255052894
748.983 0.10414307
750.133 -1.51382673
751.241 -1.31326295
752.291 -0.465090579
753.404 -0.520316936
754.604 0.911259582
755.762 -0.0270131196
756.862 0.434788811
757.962 0.475951966
759.062 0.324653081
760.162 0.824489878
761.262 -0.407191466
762.341 0.0828564274
763.391 -0.173527553
764.42 -1.56199241
765.42 -0.849036404
766.42 0.662862372
767.42 -0.0244908041
768.378 0.232605897
769.278 0.236986208
770.178 0.310570989
771.078 -0.444024833
771.978 0.105021049
772.878 0.00434633287
773.736 -0.654209394
774.536 -0.151766063
775.357 -0.888358172
776.207 0.284020257
777.036 -0.341950082
777.836 0.0972839064
778.594 0.232830626
779.294 0.346633248
779.973 1.26214699
780.623 1.02754275
781.294 -0.195208839
781.994 -0.203806403
782.694 0.72294183
783.394 0.182415675
784.073 0.116775001
784.723 0.0251733181
785.331 -0.690811514
785.881 0.073910101
786.431 0.118526568
786.981 -0.142602925
787.531 0.264859588
788.081 -0.579283282
788.631 0.54183981
789.181 0.350306665
789.71 0.390808559
790.21 0.181186111
790.731 0.173132147
791.281 0.118378376
791.789 -0.394114441
792.239 0.435203177
792.794 0.642771168
793.494 0.250417228
794.194 0.238098571
794.894 -1.02020663
795.552 -0.550937271
796.152 0.521713951
796.752 0.236543491
797.352 0.396095519
797.952 0.93525866
798.552 0.138811391
799.152 0.459053593
799.752 -0.0658287636
800.331 0.313213322
800.881 0.149120253
801.452 0.81484623
802.052 0.346154497
802.673 0.890435845
803.323 0.915502304
803.952 -0.490369738
804.552 -0.130454874
805.173 -0.0878949353
805.823 -0.167089761
806.473 0.834020946
807.123 0.216356519
807.752 -1.06751823
808.352 0.177056196
808.952 1.0002165
809.552 0.0578713388
810.215 -0.0395072327
810.965 0.00877667691
811.673 0.76257624
812.323 0.673868732
812.994 -0.128309615
813.694 0.703525474
814.352 -0.350417455
814.952 1.02288543
815.552 0.0701954533
816.152 0.128536152
816.731 0.102654631
817.281 1.27854399
817.873 0.780900747
818.523 -0.626770815
819.173 -1.86990137
819.823 -1.11831634
820.452 -1.13822683
821.052 -1.11514962
821.715 -0.861426768
822.465 -1.07889641
823.215 -0.0758032209
823.965 -0.379278298
824.673 -0.163038919
825.323 -0.846787179
826.036 0.625858429
826.836 -0.218550403
827.594 -0.435390546
828.294 -0.0960223633
828.994 0.401917541
829.694 -0.490129225
830.394 -0.590577056
831.094 0.744322758
831.773 0.217242443
832.423 0.334834699
833.136 1.52606846
833.936 1.28037651
834.715 0.353262868
835.465 -0.131004933
836.236 0.866826189
837.036 1.01118704
837.794 -0.142124759
838.494 -2.37312119
839.173 -0.00864546935
839.823 -0.806883516
840.494 -0.0735538044
841.194 -1.03618345
841.894 -0.123574324
842.594 -1.76554105
843.294 -0.849010143
843.994 0.512757205
844.673 -0.20466365
845.323 0.886943724
846.12 0.39870489
847.12 0.790061125
848.015 0.167779688
848.765 1.34386741
849.536 1.06278148
850.336 0.60342133
851.136 1.90337983
851.936 1.46146963
852.715 1.31967276
853.465 0.57426736
854.194 -0.784778596
854.894 -2.09791774
855.615 1.79094575
856.365 1.29885795
857.094 1.54036868
857.794 0.272350002
858.494 -0.104148565
859.194 -0.269243155
859.936 -0.161673853
860.736 -1.43064917
861.473 -0.288857792
862.123 -0.967828323
862.836 -0.443360142
863.636 -0.564239829
864.499 -0.316303862
865.449 0.0246884628
866.378 -0.879259637
867.278 -0.804084769
868.136 -0.140583051
868.936 0.414784427
869.715 2.76375517
870.465 1.15323502
871.194 0.739660882
871.894 0.896288724
872.657 1.40046874
873.507 0.568265222
874.294 -0.258576707
874.994 0.102348288
875.673 0.206017741
876.323 0.457558053
877.036 0.45869399
877.836 1.08174058
878.573 1.21877941
879.223 0.105373937
879.894 -0.701638155
880.594 -0.523995768
881.378 0.66326206
882.278 -0.406682352
883.178 0.643343591
884.078 -1.40129115
884.915 -1.09442001
885.665 0.700814864
886.415 0.626068794
887.165 0.561529491
887.915 0.348616084
888.665 -0.336318219
889.436 -0.161206743
890.236 0.206509303
891.057 0.292620993
891.907 -0.811211715
892.715 0.388351132
893.465 -0.749502724
894.215 0.0402810054
894.965 -0.311859225
895.799 0.72000753
896.749 0.07568821
897.678 -1.29567599
898.578 -0.616023857
899.415 -0.764351296
900.165 -0.273270989
900.957 0.129245403
901.807 -0.630160341
902.594 -0.800782115
903.294 -1.35370201
904.12 -1.12900892
905.12 -0.435720465
906.015 -0.24418628
906.765 -1.46638778
907.494 -1.26791391
908.194 -2.08248407
908.957 -1.54026551
909.807 -0.875226562
910.636 -1.57846034
911.436 -0.632827589
912.257 -1.64728517
913.107 0.599503838
913.957 0.499271449
914.807 0.628095337
915.594 0.731391019
916.294 1.10725219
917.015 1.44536358
917.765 1.45082591
918.494 1.84077364
919.194 1.68406185
919.915 1.37144469
920.665 1.86995932
921.457 1.99109876
922.307 1.45746697
923.136 1.93363203
923.936 1.37683657
924.799 1.81423967
925.749 1.89640133
926.636 1.90551067
927.436 0.986488564
928.215 0.853058616
928.965 0.111875623
929.715 1.06314222
930.465 0.625245901
931.236 -0.721134147
932.036 -0.121817774
932.836 -0.302358094
933.636 -0.830582229
934.436 1.359069
935.236 0.220829053
936.057 -0.0237663962
936.907 0.41591189
937.736 -0.434143856
938.536 0.891418048
939.294 0.351508807
939.994 0.229030143
940.757 -0.655580856
941.607 -0.0172147768
942.457 -1.46292034
943.307 -2.5687668
944.136 -1.18356318
944.936 -1.61304519
945.778 -0.609618521
946.678 0.242245984
947.536 -0.505969061
948.336 -0.400707978
949.136 -0.540412217
949.936 -1.46613466
950.736 0.537542543
951.536 -0.30881676
952.399 -0.138504572
953.349 0.1727061
954.215 -0.461907684
954.965 -0.131676443
955.757 -0.923413128
956.607 -0.036954766
957.436 -0.288940052
958.236 1.39814623
959.099 0.82883824
960.049 -0.258166478
960.936 0.292778157
961.736 -0.360103055
962.536 -0.446617908
963.336 -0.253084725
964.178 0.0410388889
965.078 -0.314302028
965.957 -0.501543434
966.807 0.606978082
967.699 0.435144686
968.649 1.44064014
969.536 2.0505565
970.336 1.46855666
971.136 0.564673068
971.936 1.64903929
972.736 0.446488665
973.536 2.43680616
974.294 0.788366013
974.994 1.09558761
975.799 1.07316228
976.749 0.93501244
977.699 0.229836863
978.649 0.729748111
979.515 0.384558517
980.265 1.09157211
981.036 0.824300197
981.836 1.13761303
982.657 0.967677081
983.507 1.15017463
984.357 -0.157340899
985.207 -1.29895025
986.057 -0.484721949
986.907 -1.64584959
987.736 -0.929865206
988.536 -0.717500752
989.378 -0.219436557
990.278 -0.834741095
991.157 -0.8531388
992.007 -0.112128969
992.815 -1.38060964
993.565 -1.1094293
994.357 0.039391092
995.207 -1.48148326
996.078 -2.70377244
996.978 -0.62728483
997.857 -0.540771753
998.707 0.48789292
999.578 -0.203103822
1000.478 -0.0677092143
1001.399 -0.0514053231
1002.349 0.706272432
1003.236 0.189478362
1004.036 -0.552257549
1004.836 -0.0165572531
1005.636 0.700224215
1006.499 0.608115093
1007.449 -0.340293636
1008.315 0.92886742
1009.065 1.26672021
1009.857 -0.456971177
1010.707 -0.547934585
1011.536 0.0993599191
1012.336 -1.27602165
1013.094 -0.541515058
1013.794 0.282139466
1014.599 -1.21890028
1015.549 0.514095907
1016.562 -0.0944759049
1017.662 -0.0786408406
1018.657 0.0475549176
1019.507 -0.192100902
1020.357 0.907183003
1021.207 -0.481018599
1022.036 0.808583323
1022.836 0.00849592249
1023.636 0.0713627395
1024.436 0.251151576
1025.194 0.424898019
1025.894 0.176289461
1026.615 0.60968568
1027.365 0.23905869
1028.094 0.314577634
1028.794 0.962204001
1029.557 -0.079624287
1030.407 0.0489492652
1031.236 0.285727936
1032.036 -0.0267016089
1032.857 0.436005183
1033.707 -0.820927976
1034.578 1.37938746
1035.478 0.376260681
1036.357 0.23374128
1037.207 0.521434253
1038.036 1.94881911
1038.836 0.323610149
1039.636 1.18040896
1040.436 1.13731639
1041.194 1.56601505
1041.894 1.28663289
1042.594 0.827517863
1043.294 0.721126796
1044.099 0.515825046
1045.049 -0.410139712
1045.999 -0.0416484025
1046.949 0.603078025
1047.815 0.75740621
1048.565 -0.798277582
1049.399 -0.63465112
1050.349 -0.55020073
1051.215 -0.639015274
1051.965 0.454729511
1052.799 -0.476855551
1053.749 -0.116513192
1054.657 0.484172285
1055.507 -0.287788065
1056.315 -1.00660217
1057.065 -0.542627315
1057.857 0.297276751
1058.707 -0.0112916132
1059.62 -0.025960049
1060.62 -0.489429088
1061.515 -0.346540279
1062.265 -0.349020988
1063.036 -1.30613378
1063.836 -0.587944426
1064.657 -0.710028262
1065.507 -0.716320882
1066.357 -1.10916855
1067.207 0.33914264
1067.994 -0.0479454592
1068.694 -0.605249738
1069.373 0.84286168
1070.023 0.435522744
1070.757 1.09281714
1071.607 -0.628912
1072.457 0.267663828
1073.307 0.192857335
1074.157 -0.0369735329
1075.007 -0.230701637
1075.836 -0.0815608411
1076.636 -1.34834012
1077.52 0.0986074921
1078.52 1.35011457
1079.415 0.13726152
1080.165 -0.157378723
1080.957 0.183850549
1081.807 -1.0335236
1082.657 0.560372779
1083.507 -0.0656410621
1084.315 -0.715781365
1085.065 -0.886094856
1085.836 -0.494393014
1086.636 -0.0811091663
1087.478 0.608082412
1088.378 -0.333890576
1089.236 0.0781584022
1090.036 0.654977643
1090.878 0.391762307
1091.778 0.65736515
1092.657 1.46602136
1093.507 1.28439319
1094.315 2.25409524
1095.065 1.23834236
1095.92 0.633348934
1096.92 0.119213805
1097.857 0.603798165
1098.707 1.07182856
1099.578 2.0608681
1100.478 0.585148366
1101.336 1.3027605
1102.136 0.876004609
1102.936 0.566417256
1103.736 0.484035334
1104.473 1.14574266
1105.123 0.109867588
1105.857 1.0783985
1106.707 0.608078632
1107.536 0.124884429
1108.336 0.338869073
1109.136 0.235042025
1109.936 -0.54713093
1110.778 0.566840088
1111.678 0.716071254
1112.515 0.548468489
1113.265 1.29986597
1113.994 0.394993822
1114.694 0.133409481
1115.415 -0.850020068
1116.165 -0.486043689
1116.915 -0.717386771
1117.665 -1.48845374
1118.457 -0.49470534
1119.307 -0.958441518
1120.136 -1.8364343
1120.936 -1.79024214
1121.778 -0.468071956
1122.678 -0.225282763
1123.536 -0.800699315
1124.336 -0.418289354
1125.136 -0.414256988
1125.936 0.276948985
1126.778 -0.400275254
1127.678 -0.64050714
1128.515 0.463469803
1129.265 -0.516930335
1130.036 0.501554994
1130.836 -0.371665242
1131.657 -0.0552213648
1132.507 -0.210703764
1133.399 -0.402324107
1134.349 -0.659915339
1135.215 -0.0395244238
1135.965 -0.324695266
1136.799 -0.206561988
1137.749 -0.696694058
1138.636 -0.632199198
1139.436 -0.646517283
1140.236 0.140066436
1141.036 -0.345416656
1141.878 -0.450947179
1142.778 0.220453814
1143.678 1.02885245
1144.578 0.657452289
1145.457 0.122364882
1146.307 1.05532687
1147.199 -0.113814767
1148.149 0.232896482
1149.099 0.434837053
1150.049 -0.507312368
1150.957 0.133675583
1151.807 -0.0330798286
1152.615 -1.36387032
1153.365 0.273278459
1154.115 -0.16957853
1154.865 0.487131567
1155.678 1.07851266
1156.578 0.989800604
1157.373 0.722071445
1158.023 1.57638663
1158.736 1.37535617
1159.536 0.577057313
1160.315 0.357122447
1161.065 0.459834645
1161.878 0.682889184
1162.778 0.673806041
1163.678 -0.446077698
1164.578 0.457238073
1165.478 0.413268325
1166.378 0.0782248495
1167.257 0.364172357
1168.107 0.595373168
1168.957 0.427236402
1169.807 0.136165343
1170.72 1.22298913
1171.72 1.80604898
1172.72 0.0219499997
1173.72 0.414456293
1174.636 0.331107915
1175.436 -0.0279334348
1176.278 1.30203848
1177.178 0.0410638309
1178.036 -0.137821376
1178.836 -0.133053774
1179.678 -0.235268159
1180.578 0.270711148
1181.478 0.398372161
1182.378 -0.303778088
1183.236 0.132770174
1184.036 -0.397925378
1184.899 0.211868502
1185.849 0.938673695
1186.757 0.311730105
1187.607 0.455766869
1188.457 -0.186625836
1189.307 -1.05142487
1190.115 -1.43119694
1190.865 -0.535994361
1191.699 -1.23922787
1192.649 -1.61949384
1193.536 -0.848287218
1194.336 -0.128973723
1195.157 -0.204331384
1196.007 0.565774748
1196.92 -0.0425381985
1197.92 1.27951035
1198.857 -0.638685893
1199.707 -0.328541822
1200.557 0.688897166
1201.407 0.400858211
1202.236 -0.200466434
1203.036 0.289593849
1203.857 -0.408192941
1204.707 -1.07721935
1205.473 0.491422732
1206.123 0.408166722
1206.899 -0.323445468
1207.849 -0.678049261
1208.736 -0.902323565
1209.536 -1.13838468
1210.294 0.531591831
1210.994 -0.0359716325
1211.757 -0.314676111
1212.607 0.682690529
1213.478 0.130549373
1214.378 0.264272792
1215.257 0.166137616
1216.107 0.638365478
1216.978 -0.926321526
1217.878 0.0435321033
1218.799 0.243025613
1219.749 -0.480229894
1220.699 0.325902235
1221.649 0.846997824
1222.515 -0.316071897
1223.265 0.715122145
1224.078 -0.0208708907
1224.978 0.607629509
1225.815 1.0965515
1226.565 0.0850809017
1227.357 0.331854264
1228.207 0.693983876
1229.057 -0.157401092
1229.907 -0.506659518
1230.82 0.414075792
1231.82 0.0445650824
1232.757 0.684013663
1233.607 -0.299963372
1234.499 0.736849474
1235.449 0.0209703177
1236.399 0.451278227
1237.349 -0.179975716
1238.152 0.260099269
1238.752 0.674741316
1239.436 -0.208788637
1240.236 0.213982663
1241.12 0.0598530484
1242.12 -0.0172281944
1243.036 -0.358147568
1243.836 -0.246118837
1244.72 -0.208857628
1245.72 0.870780396
1246.636 0.812087097
1247.436 -0.282375777
1248.278 -0.286241622
1249.178 -0.473445759
1250.036 0.68023761
1250.836 -0.00668124404
1251.678 -0.107135968
1252.578 1.04742928
1253.457 -0.0226193502
1254.307 -0.343872225
1255.199 -0.180163533
1256.149 1.3178164
1257.078 -0.00976701448
1257.978 0.68003708
1258.836 -0.179047673
1259.636 0.971399541
1260.436 -0.35236582
1261.236 -0.19243634
1262.057 1.08821557
1262.907 0.915414738
1263.778 0.271696855
1264.678 2.40595872
1265.599 0.0915877353
1266.549 1.35902343
1267.478 -0.647015243
1268.378 1.14231372
1269.194 1.17143993
1269.894 0.201088941
1270.657 -0.102466734
1271.507 -0.503824579
1272.336 0.325920296
1273.136 -0.877695004
1273.957 -0.306229638
1274.807 -0.0239676958
1275.699 -0.118043439
1276.649 -0.553889888
1277.578 -0.818395575
1278.478 -0.669415291
1279.357 1.20226606
1280.207 -0.697748603
1281.078 -1.36463516
1281.978 -0.551174696
1282.794 -0.67371511
1283.494 -0.326001887
1284.32 -0.560244273
1285.32 0.215709721
1286.257 0.561243914
1287.107 -0.268590406
1287.957 0.778891526
1288.807 -0.0512404413
1289.657 -0.0433071734
1290.507 0.378809295
1291.273 -0.459405141
1291.923 0.516511276
1292.615 -0.389697224
1293.365 -0.833900955
1294.157 0.203533991
1295.007 0.728028631
1295.878 0.302340025
1296.778 1.31547486
1297.678 0.764543346
1298.578 0.558079275
1299.394 0.396556207
1300.094 0.272670442
1300.836 -0.589299733
1301.636 0.332116325
1302.478 0.159681959
1303.378 0.355354986
1304.278 -0.147678637
1305.178 0.116852102
1306.099 -0.156779105
1307.049 0.126324398
1307.873 -0.280256244
1308.523 0.454484276
1309.194 0.22631703
1309.894 1.0813469
1310.636 0.375739796
1311.436 -0.158624701
1312.257 -0.0938454366
1313.107 0.255849754
1313.978 -0.183387747
1314.878 0.851456373
1315.715 0.356419053
1316.465 0.291221131
1317.215 0.232947067
1317.965 0.32871773
1318.757 0.180002763
1319.607 0.787635436
1320.478 1.15963926
1321.378 0.127824933
1322.257 0.141932196
1323.107 -0.183667244
1323.978 0.209498887
1324.878 -0.0390733792
1325.778 -0.167331369
1326.678 0.322390163
1327.515 -0.377362603
1328.265 0.0690774759
1329.078 -0.250189242
1329.978 -0.19505989
1330.92 -1.0982117
1331.92 -0.422612455
1332.857 -0.198548374
1333.707 -0.172818975
1334.599 0.118367941
1335.549 -0.407498951
1336.457 0.282523593
1337.307 -0.215637199
1338.157 -0.205506947
1339.007 -0.419414463
1339.836 0.669770767
1340.636 0.359824461
1341.415 0.649320127
1342.165 1.01562187
1342.957 0.204015525
1343.807 0.347202515
1344.636 -0.768040602
1345.436 0.251579524
1346.278 0.113101649
1347.178 0.292192751
1348.099 0.824723014
1349.049 -0.31822587
1349.915 -0.357022975
1350.665 0.103715962
1351.52 0.218036801
1352.52 -0.0156361156
1353.436 -0.0386623019
1354.236 0.845490785
1354.973 -0.018593559
1355.623 0.596381931
1356.399 -0.197763183
1357.349 0.0815238822
1358.236 -0.0919641597
1359.036 -0.546839685
1359.878 -0.15698185
1360.778 -0.603809135
1361.636 0.460861161
1362.436 0.230541746
1363.236 -0.212133625
1364.036 -0.0720271518
1364.857 -0.495505501
1365.707 1.05742018
1366.557 -0.167700715
1367.407 -1.43178114
1368.236 -0.0090168785
1369.036 -0.356289285
1369.899 0.0260918284
1370.849 -0.460363554
1371.715 0.182927134
1372.465 -0.270105713
1373.341 0.489090046
1374.391 0.440042818
1375.357 0.467850408
1376.207 0.121754011
1377.057 -0.114170056
1377.907 0.252599351
1378.799 0.322102407
1379.749 1.20454779
1380.657 0.47994737
1381.507 -0.136282311
1382.357 0.817537072
1383.207 -0.145965638
1384.078 -0.35491388
1384.978 0.31050709
1385.878 0.367678596
1386.778 -0.394309082
1387.636 1.36409818
1388.436 0.985753546
1389.32 0.922374471
1390.32 0.775379523
1391.215 0.299341028
1391.965 -0.104240435
1392.736 0.537858291
1393.536 0.656421808
1394.399 -0.0719316319
1395.349 0.590058962
1396.257 0.581388946
1397.107 0.0357628451
1397.978 0.782284078
1398.878 0.575823411
1399.757 1.64005014
1400.607 -0.184654949
1401.415 -0.774741026
1402.165 -0.893378253
1402.999 -0.993398513
1403.949 -0.0781661127
1404.836 -0.282506113
1405.636 -0.0522377244
1406.436 -0.0405607829
1407.236 -0.886831932
1408.057 0.169989043
1408.907 -0.621665556
1409.736 0.0476284282
1410.536 0.409916264
1411.357 -0.0550240997
1412.207 -0.127786837
1413.036 -0.2187928
1413.836 0.0989889566
1414.615 -0.86743199
1415.365 0.279184132
1416.136 -0.226851351
1416.936 -0.0505177087
1417.757 -1.00905226
1418.607 0.104823422
1419.499 0.655201828
1420.449 0.900435526
1421.399 0.167915418
1422.349 -0.000332919249
1423.257 0.0396567209
1424.107 0.290983717
1424.999 -0.0186453396
1425.949 0.389208534
1426.836 -0.0224491029
1427.636 0.064394743
1428.436 -0.150772468
1429.236 -0.296977458
1430.057 -0.314170864
1430.907 0.619911918
1431.841 1.08380339
1432.891 0.2561867
1433.836 0.0609970611
1434.636 0.837561414
1435.478 -0.164859532
1436.378 0.522970912
1437.236 0.0359329696
1438.036 0.72096001
1438.899 1.93711705
1439.849 0.155431699
1440.778 -0.805623622
1441.678 -2.3901188
1442.578 -2.63030185
1443.478 -1.100256
1444.357 -0.498516913
1445.207 -0.262966143
1446.078 -0.747505342
1446.978 -0.879121055
1447.857 0.404602464
1448.707 0.394645175
1449.62 -0.477678687
1450.62 -0.209440869
1451.557 0.501161009
1452.407 -0.594947527
1453.341 0.637888724
1454.391 -0.233791369
1455.42 -0.342874308
1456.42 0.0387251995
1457.399 0.96236778
1458.349 0.0993195409
1459.278 1.33504113
1460.178 -0.200226728
1461.078 0.31287844
1461.978 1.91080822
1462.857 1.55677569
1463.707 0.851805761
1464.578 0.243870951
1465.478 -1.30694783
1466.399 -0.382150522
1467.349 0.0201817024
1468.32 1.04712704
1469.32 0.603284804
1470.299 -0.220410696
1471.249 0.0568663721
1472.241 0.325471572
1473.291 0.0150475908
1474.341 -0.059815076
1475.391 1.02902953
1476.399 -0.339114038
1477.349 0.584142923
1478.299 0.914925305
1479.249 1.17530885
1480.178 0.30067905
1481.078 1.33287869
1482.02 1.3052815
1483.02 0.854178401
1483.957 0.800538647
1484.807 -0.287353674
1485.72 -0.297154292
1486.72 0.288585305
1487.699 -0.273442782
1488.649 -0.95336645
1489.62 -0.336627949
1490.62 -0.406543563
1491.62 0.0516579826
1492.62 -0.0178196532
1493.578 -0.633688784
1494.478 -0.983604508
1495.441 -0.507899064
1496.491 -0.365575987
1497.52 -0.102092336
1498.52 0.290215245
1499.499 -1.03451967
1500.449 -0.0819418292
1501.336 -0.61043584
1502.136 -0.818553488
1502.978 -0.13868751
1503.878 -0.972596111
1504.757 -1.28303927
1505.607 -0.507175294
1506.436 -1.25388587
1507.236 -1.05816639
1508.015 -0.372529713
1508.765 0.42766042
1509.536 0.157524119
1510.336 0.101895013
1511.136 0.252717848
1511.936 -0.214388116
1512.694 -0.0715128414
1513.394 0.788608099
1514.094 0.768076247
1514.794 0.85899012
1515.452 0.611763239
1516.052 -0.0560591247
1516.652 0.811108141
1517.252 0.87612334
1517.873 0.271347071
1518.523 0.984795967
1519.152 0.472062957
1519.752 0.272503969
1520.352 0.439203939
1520.952 0.673778794
1521.552 -0.244708789
1522.152 -0.19344295
1522.71 0.298908962
1523.21 0.468574119
1523.752 0.978065763
1524.352 0.823817069
1524.952 0.604310562
1525.552 -0.703518422
1526.11 0.985419813
1526.61 0.432675415
1527.11 -0.666830505
1527.61 0.187811043
1528.089 0.677666607
1528.539 0.868651477
1529.01 0.357953516
1529.51 0.497224129
1530.052 1.32286214
1530.652 -0.203935367
1531.273 -0.259017322
1531.923 0.247460374
1532.573 1.18328812
1533.223 0.412120155
1533.873 0.696069834
1534.523 0.665020861
1535.11 -0.170066019
1535.61 -0.493397868
1536.173 0.397036591
1536.823 0.0865602877
1537.389 -0.663382998
1537.839 0.0722802366
1538.373 0.0123928113
1539.023 -0.97273037
1539.652 -0.747897081
1540.252 -0.194152662
1540.831 -0.204434839
1541.381 0.197037651
1541.973 0.431572976
1542.623 0.306705239
1543.273 -0.336873285
1543.923 -0.860418503
1544.552 -1.83033704
1545.152 -0.987216171
1545.752 -0.773426965
1546.352 -0.0749266091
1546.952 -1.28437949
1547.552 -0.987559037
1548.11 -1.09082019
1548.61 0.198845068
1549.173 0.317565736
1549.823 0.204363529
1550.431 0.62689235
1550.981 2.01104247
1551.51 0.798872641
1552.01 0.0809485426
1552.531 0.368064878
1553.081 -0.781580965
1553.673 0.166894405
1554.323 0.679148774
1554.994 -0.177113325
1555.694 0.407432199
1556.352 0.662046872
1556.952 0.67774178
1557.51 1.06013805
1558.01 0.164513955
1558.594 0.323279856
1559.294 0.564975017
1559.91 1.31475912
1560.41 0.230083249
1560.952 0.696753258
1561.552 1.05850892
1562.152 0.309419903
1562.752 0.54198129
1563.352 1.04406646
1563.952 -0.0676757753
1564.51 0.279321887
1565.01 -0.636983506
1565.594 -0.873066708
1566.294 -1.05356285
1566.994 -1.29840369
1567.694 -1.32922134
1568.373 -0.414159746
1569.023 0.628000399
1569.673 0.633634718
1570.323 -0.659492325
1570.952 -0.547779911
1571.552 -0.816583666
1572.131 -0.0335332476
1572.681 -0.0233565896
1573.252 -0.5515018
1573.852 0.122717342
1574.494 -0.975561628
1575.194 -0.705620138
1575.81 -0.246642484
1576.31 -0.281719246
1576.894 -0.259334913
1577.594 0.18070215
1578.294 -0.680143159
1578.994 -0.59183707
1579.694 0.163914207
1580.394 0.445364232
1581.094 -0.0525999317
1581.794 0.739622772
1582.431 1.1087257
1582.981 0.54579075
1583.552 0.652689842
1584.152 -0.160270945
1584.794 0.897233802
1585.494 0.62015484
1586.215 0.635005532
1586.965 1.11585921
1587.631 0.694172925
1588.181 0.990699816
1588.731 0.436252584
1589.281 0.408160847
1589.852 -0.23300427
1590.452 1.1661396
1591.115 1.38806044
1591.865 -0.358325798
1592.552 1.54587856
1593.152 -1.03139052
1593.794 -0.152378178
1594.494 0.382831772
1595.173 0.208112994
1595.823 -1.07100522
1596.494 -0.0341018064
1597.194 -0.531011376
1597.873 -0.452085859
1598.523 -0.70177666
1599.194 0.0680900101
1599.894 -0.0463249344
1600.573 0.479520549
1601.223 0.0985695573
1601.852 -0.046953156
1602.452 0.570215966
1603.052 0.204799709
1603.652 -0.00309862513
1604.315 0.631393179
1605.065 0.193242956
1605.752 -0.488124428
1606.352 -0.864014476
1606.952 -0.697351991
1607.552 0.0647315309
1608.194 -0.806399223
1608.894 -0.295297148
1609.573 0.467628533
1610.223 1.53917228
1610.915 0.507196324
1611.665 1.23151298
1612.394 -0.053000503
1613.094 0.728835234
1613.773 1.04350011
1614.423 -0.750522311
1615.052 0.203192279
1615.652 -0.461984738
1616.252 -0.472876676
1616.852 -0.230379739
1617.452 0.273446731
1618.052 0.0674459285
1618.673 -0.177132336
1619.323 -0.172638362
1619.952 -0.0760794774
1620.552 0.183700262
1621.173 -0.0970886763
1621.823 0.679770894
1622.494 -0.0586961922
1623.194 -0.215243783
1623.873 -0.01384654
1624.523 -0.149297412
1625.152 -0.107486866
1625.752 0.469670369
1626.394 -0.056949571
1627.094 0.714279201
1627.773 0.0561009067
1628.423 -0.121246483
1629.031 0.545310082
1629.581 0.150438215
1630.215 1.10525625
1630.965 0.190362307
1631.652 1.26044429
1632.252 0.935383969
1632.894 0.751451702
1633.594 1.48564
1634.273 0.705048047
1634.923 0.558550735
1635.552 0.569825964
1636.152 0.582993709
1636.71 0.707401565
1637.21 0.425203219
1637.731 1.60455035
1638.281 0.0685186731
1638.873 -0.592703462
1639.523 -1.06132328
1640.152 -1.45205944
1640.752 -1.93658814
1641.352 -1.05836987
1641.952 -0.218346166
1642.489 -0.766403511
1642.939 -0.375494625
1643.473 0.175358243
1644.123 -1.20561171
1644.731 -0.43692772
1645.281 -0.447016582
1645.81 0.264469052
1646.31 -0.148439115
1646.831 -0.0262541437
1647.381 -0.270917637
1647.952 -0.311134135
1648.552 -0.110779282
1649.089 -0.0787926866
1649.539 -1.33084849
1650.01 -0.916133976
1650.51 0.00607398367
1651.031 -0.770454219
1651.581 -0.0429176184
1652.11 -0.120157038
1652.61 0.5180187
1653.089 -0.341729254
1653.539 -0.236066133
1653.947 -0.324829253
1654.297 -0.305941225
1654.668 -0.736705451
1655.068 -0.0686077753
1655.468 1.13591147
1655.868 0.160465148
1656.268 0.404203102
1656.668 0.686646749
1657.047 1.31291712
1657.397 0.157724586
1657.789 0.315929766
1658.239 1.30784801
1658.689 -0.0223253764
1659.139 -0.229120665
1659.568 -0.514487461
1659.968 0.609935731
1660.368 0.22759724
1660.768 0.625900427
1661.168 -0.0374989475
1661.568 -0.601171139
1661.989 0.519716447
1662.439 -0.287184297
1662.826 0.276656157
1663.126 0.17668225
1663.468 0.20294765
1663.868 1.32818125
1664.247 0.147640521
1664.597 0.690833609
1664.926 0.541120799
1665.226 -0.00899588168
1665.547 1.1248673
1665.897 0.303427097
1666.247 0.985158019
1666.597 1.06703511
1666.968 0.161045175
1667.368 0.511918637
1667.789 0.0800798152
1668.239 -0.04456177
1668.668 0.849619982
1669.068 0.456354672
1669.426 0.522014852
1669.726 0.127366113
1670.047 0.225418902
1670.397 -0.313694729
1670.768 0.114478509
1671.168 0.335994891
1671.589 -0.0130653746
1672.039 -0.550670696
1672.468 0.0963932012
1672.868 0.412541836
1673.226 0.26440371
1673.526 0.240066446
1673.889 0.384930439
1674.339 -0.740663001
1674.768 -0.266731495
1675.168 -0.60607071
1675.568 0.727227115
1675.968 0.0547941921
1676.347 -0.401289276
1676.697 0.338102705
1677.068 -0.381982583
1677.468 -0.255519852
1677.868 -0.640959419
1678.268 -0.901824439
1678.626 0.0653405818
1678.926 0.419559408
1679.289 0.530705429
1679.739 0.47510088
1680.168 0.345266757
1680.568 0.0058921219
1680.989 0.137588062
1681.439 0.316763181
1681.868 0.133673652
1682.268 -0.175745342
1682.647 -0.320438311
1682.997 0.164258556
1683.368 -0.20386729
1683.768 1.18696425
1684.189 -0.67619127
1684.639 0.356897929
1685.089 -0.246411654
1685.539 -0.484823548
1685.947 -0.989852125
1686.297 -0.710790972
1686.626 -0.282644451
1686.926 -0.329509332
1687.226 -0.461042629
1687.526 1.12981873
1687.868 0.512912637
1688.268 0.752483236
1688.647 -0.13364309
1688.997 0.348939802
1689.368 0.0415823388
1689.768 0.729624098
1690.189 -0.33727463
1690.639 -0.235452006
1691.047 -0.237262186
1691.397 0.354038556
1691.768 0.243696487
1692.168 -1.25530189
1692.547 -0.796741749
1692.897 0.015516108
1693.268 0.50721529
1693.668 -0.174379513
1694.047 1.06672186
1694.397 0.605155549
1694.747 0.929845576
1695.097 1.60274681
1695.468 1.41809915
1695.868 1.29304837
1696.247 1.07025705
1696.597 -0.192355884
1696.926 0.14171997
1697.226 0.0490270604
1697.547 0.170968678
1697.897 0.394154567
1698.247 0.00194952169
1698.597 1.04870714
1698.968 -0.343958812
1699.368 -0.158345174
1699.747 0.266498368
1700.097 0.720938371
1700.468 -1.27127348
1700.868 -0.379060388
1701.247 -1.49113127
1701.597 -0.408164255
1701.947 -0.710910437
1702.297 0.188282747
1702.647 0.186314786
1702.997 -0.38596562
1703.368 -1.39029409
1703.768 0.575738111
1704.147 -1.24996754
1704.497 -0.119108993
1704.847 0.593361315
1705.197 -0.292141205
1705.526 0.114261247
1705.826 0.406641179
1706.189 0.410369032
1706.639 0.0571617832
1707.047 0.0716214448
1707.397 0.371075032
1707.747 -1.29443189
1708.097 -1.37339164
1708.468 -1.1332547
1708.868 -1.05961435
1709.268 -0.254378242
1709.668 -0.189166608
1710.047 0.290028471
1710.397 0.656619524
1710.747 0.126939613
1711.097 1.29858573
1711.447 0.122550994
1711.797 0.452019367
1712.147 0.661416914
1712.497 0.7192372
1712.868 0.545625892
1713.268 1.09929467
1713.647 1.53561268
1713.997 0.0294424575
1714.389 1.06828833
1714.839 0.235860096
1715.268 0.596428613
1715.668 1.25166839
1716.047 0.376167059
1716.397 0.68541824
1716.789 1.13441921
1717.239 0.0851400571
1717.689 -0.0824192399
1718.139 -0.063102862
1718.547 -0.10009191
1718.897 -0.102709366
1719.247 -0.125866196
1719.597 -0.418085969
1719.947 0.112708642
1720.297 0.829230362
1720.668 0.129646765
1721.068 0.188710057
1721.489 -0.657775377
1721.939 -0.966785971
1722.41 0.0214995281
1722.91 -1.26052603
1723.347 -0.615320368
1723.697 -0.226561183
1724.026 0.613713417
1724.326 -0.041021528
1724.668 -0.220052206
1725.068 -0.315400524
1725.447 -0.662320896
1725.797 0.531291354
1726.168 1.52079661
1726.568 0.601322014
1726.947 -0.440165615
1727.297 -0.166108019
1727.605 0.690081801
1727.855 0.568738289
1728.189 0.222639468
1728.639 -0.00786666622
1729.089 0.0920545544
1729.539 -0.35008074
1729.926 -0.893727491
1730.226 0.328965397
1730.568 -0.139968219
1730.968 -0.591967092
1731.368 -0.399970057
1731.768 -0.610213708
1732.168 -0.816082682
1732.568 -0.708241696
1732.968 -0.925610022
1733.368 -0.0423777628
1733.768 0.37053851
1734.168 0.0906964753
1734.568 -0.00157849386
1734.968 0.545581514
1735.347 0.38532792
1735.697 0.904487068
1736.047 0.200698695
1736.397 0.379558517
1736.768 0.227030636
1737.168 0.538342406
1737.568 1.33889768
1737.968 0.713279458
1738.368 0.21021401
1738.768 -0.287555955
1739.147 -0.267741603
1739.497 0.0459473791
1739.868 0.0738263705
1740.268 0.451727655
1740.647 1.15507055
1740.997 0.784155187
1741.368 0.196526433
1741.768 0.159237736
1742.147 0.125672371
1742.497 0.494570182
1742.826 0.460176565
1743.126 0.268139338
1743.468 0.258285407
1743.868 0.113402997
1744.268 0.360451511
1744.668 0.157619021
1745.068 0.269857748
1745.468 0.132656042
1745.868 -0.165320238
1746.268 0.311355267
1746.647 -0.275979508
1746.997 -1.0715792
1747.347 0.793738623
1747.697 -0.644876279
1748.026 0.0712710395
1748.326 0.831542879
1748.689 -0.193401843
1749.139 1.54909264
1749.547 0.566508326
1749.897 0.548078879
1750.247 0.0353512107
1750.597 -0.263696973
1750.968 -0.11740275
1751.368 0.331638978
1751.768 -0.0567584745
1752.168 -0.233058339
1752.568 0.192661788
1752.968 -1.02968488
1753.347 -1.48964564
1753.697 -0.638636601
1754.068 -0.541211186
1754.468 -0.439117772
1754.868 0.639530043
1755.268 -0.0859130843
1755.668 -0.306174991
1756.068 0.552913535
1756.426 -0.430793412
1756.726 -0.39292391
1757.11 -0.113035977
1757.61 -0.284077331
1758.068 0.547129954
1758.468 1.58398863
1758.868 0.246005084
1759.268 0.277214716
1759.668 -0.500515825
1760.068 0.220326806
1760.447 -0.959784953
1760.797 0.399050197
1761.21 -0.696637527
1761.71 0.635926936
1762.168 0.547452842
1762.568 1.08546569
1763.01 1.14688345
1763.51 0.9820437
1763.968 0.695881822
1764.368 0.265063936
1764.747 0.752410757
1765.097 1.29574709
1765.426 -0.268444582
1765.726 0.00774801562
1766.068 0.31143482
1766.468 -0.210023508
1766.868 0.265538128
1767.268 0.175021609
1767.626 -0.39809571
1767.926 0.341986418
1768.268 0.304037025
1768.668 0.0880490352
1769.068 0.595010901
1769.468 0.583705941
1769.868 -0.40593658
1770.268 -0.549647974
1770.689 0.128181218
1771.139 -0.843260948
1771.568 -4.26494993
1771.968 -6.62192607
1772.389 -9.0067945
1772.839 -6.90277251
1773.226 -2.48389137
1773.526 -2.96000871
1773.889 -4.7960653
1774.339 -3.94558839
1774.726 -1.92476006
1775.026 -0.586635465
1775.368 0.165638441
1775.768 1.48682709
1776.147 0.362078875
1776.497 0.00447223958
1776.868 -0.349341541
1777.268 -0.503665875
1777.71 0.0432494177
1778.21 -0.085851301
1778.689 1.04113101
1779.139 -1.17517897
1779.568 -1.44057765
1779.968 -0.0901864709
1780.389 0.286702595
1780.839 -0.199810831
1781.268 0.514273997
1781.668 0.0235952398
1782.089 0.253346891
1782.539 0.0084607011
1782.947 0.794110691
1783.297 -0.266114566
1783.689 0.225024806
1784.139 -0.552656296
1784.589 0.0273392198
1785.039 -1.46009705
1785.468 -3.34111813
1785.868 -1.77656429
1786.268 -0.153449693
1786.668 0.0372181864
1787.047 -1.09435053
1787.397 -0.681289126
1787.747 0.0329825383
1788.097 0.592474641
1788.468 0.70491184
1788.868 1.0615197
1789.247 1.2601103
1789.597 0.686220377
1789.968 1.06385132
1790.368 0.756757239
1790.747 0.782577433
1791.097 -1.20770356
1791.468 0.0317223601
1791.868 0.40295288
1792.247 0.582352174
1792.597 -0.449131901
1792.989 -0.425377101
1793.439 0.333944217
1793.889 -0.501143128
1794.339 -0.0995878293
1794.81 1.27922028
1795.31 0.740863601
1795.747 -1.04601902
1796.097 -0.213009663
1796.489 -0.954085015
1796.939 -1.63165303
1797.389 0.863168764
1797.839 1.14113495
1798.289 1.6890322
1798.739 2.0005934
1799.168 0.771062183
1799.568 0.47888834
1799.968 1.34374724
1800.368 1.69344181
1800.726 0.251483628
1801.026 0.771262796
1801.389 0.320905271
1801.839 -0.456840591
1802.268 0.42155545
1802.668 -0.906378136
1803.026 -0.418222722
1803.326 -0.27164036
1803.668 -0.883354093
1804.068 -0.662680146
1804.468 -1.92224796
1804.868 -1.42551759
1805.31 -0.477754583
1805.81 0.520908484
1806.247 0.939751281
1806.597 0.579817308
1806.947 0.743029974
1807.297 -0.299387129
1807.668 -0.349422466
1808.068 -0.61178873
1808.468 -0.113884862
1808.868 -0.211925765
1809.268 0.218702817
1809.668 0.446567452
1810.089 -0.296325483
1810.539 -1.45529726
1810.968 -1.45875792
1811.368 0.752063433
1811.81 1.04040669
1812.31 -0.0299415439
1812.789 -0.844550338
1813.239 -1.87134384
1813.668 -1.79431973
1814.068 -1.01678778
1814.489 -1.11832043
1814.939 1.0173215
1815.368 0.61356366
1815.768 0.353107506
1816.189 0.581731735
1816.639 1.29846513
1817.089 1.06812835
1817.539 1.71391382
1817.947 0.818638156
1818.297 -0.249213933
1818.668 0.0389001895
1819.068 -0.202946062
1819.468 0.0298212
1819.868 0.838309495
1820.289 1.46345004
1820.739 1.07133054
1821.168 1.44174091
1821.568 1.10016724
1821.968 -1.36361539
1822.368 -1.43075928
1822.789 -2.92172719
1823.239 -3.04934601
1823.689 -3.21558376
1824.139 -6.32905225
1824.61 -6.38778883
1825.11 -8.01954196
1825.568 -4.18183409
1825.968 -2.68463738
1826.389 -2.00424965
1826.839 -0.707678742
1827.247 -0.566398208
1827.597 -1.00394165
1827.947 -1.22854705
1828.297 -0.356802941
1828.668 1.01990787
1829.068 1.20987599
1829.51 0.21646356
1830.01 0.648577813
1830.468 0.539785001
1830.868 -0.107393109
1831.247 1.3811456
1831.597 1.8013754
1831.989 -1.03450216
1832.439 0.702505518
1832.847 0.75594871
1833.197 -0.428291199
1833.589 -0.494206257
1834.039 1.10531453
1834.468 1.45363297
1834.868 -0.155035509
1835.247 0.711803684
1835.597 0.416915338
1835.989 -0.459493377
1836.439 -2.16374136
1836.868 -1.14281425
1837.268 -2.3293227
1837.668 -2.57362832
1838.068 -0.641454336
1838.468 -0.105356688
1838.868 1.2771798
1839.268 1.33224455
1839.668 1.77222508
1840.068 1.03045127
1840.468 1.82632674
1840.889 1.34912889
1841.339 0.910340046
1841.768 -0.137021107
1842.168 -0.316035419
1842.589 0.123985827
1843.039 -1.12889511
1843.468 -0.630479731
1843.868 -0.505737481
1844.268 1.06508245
1844.668 0.0529434458
1845.089 -0.597332658
1845.539 -1.5374057
1845.989 -2.18428464
1846.439 -1.59479732
1846.868 -1.72740172
1847.268 -3.11456338
1847.668 -3.14039154
1848.068 -3.17389645
1848.426 -2.88534199
1848.726 -1.82666579
1849.068 -0.786493041
1849.468 0.682452512
1849.868 0.763650568
1850.268 -0.675151772
1850.668 -0.427018132
1851.068 -0.756320754
1851.51 0.151411243
1852.01 1.42471668
1852.468 1.96371341
1852.868 2.05123945
1853.247 2.39171266
1853.597 1.98011348
1853.947 0.161878602
1854.297 -0.847564079
1854.647 -1.85055872
1854.997 -2.12866062
1855.368 -3.7944099
1855.768 -1.64093385
1856.147 -1.53249253
1856.497 -0.223722251
1856.889 1.44089171
1857.339 1.94505142
1857.768 0.87639511
1858.168 1.21926992
1858.547 2.3871734
1858.897 0.481725145
1859.268 -0.502609321
1859.668 -1.98323611
1860.089 -2.67703885
1860.539 0.505676479
1860.947 0.112407787
1861.297 1.68150832
1861.689 1.13560723
1862.139 1.89062688
1862.589 -0.956667781
1863.039 -1.32367274
1863.489 0.154909507
1863.939 1.02108827
1864.347 1.28510248
1864.697 -0.351589908
1865.089 -1.40862961
1865.539 0.408169335
1865.968 -0.13496321
1866.368 0.197180779
1866.831 0.696904842
1867.381 0.572090052
1867.805 0.361987072
1868.055 -0.74032907
1868.368 -0.799301842
1868.768 -1.09579686
1869.21 -0.294778153
1869.71 0.304570307
1870.21 0.153287311
1870.71 -0.67428156
1871.189 -0.636603896
1871.639 0.0838323918
1872.089 1.08222627
1872.539 -1.43300596
1873.01 -3.30440957
1873.51 -4.11689165
1873.968 -5.0819615
1874.368 -4.88258008
1874.789 -6.11441458
1875.239 -4.21842924
1875.668 -2.25494735
1876.068 -0.00972043945
1876.468 0.570666557
1876.868 1.39614991
1877.289 0.653099664
1877.739 1.86199906
1878.189 0.531345233
1878.639 2.02865736
1879.068 2.09895012
1879.468 0.496943938
1879.847 -0.245610317
1880.197 0.981071549
1880.589 0.234815147
1881.039 -3.04956784
1881.489 -4.13405034
1881.939 -3.19747224
1882.389 -2.83806665
1882.839 -2.26665919
1883.247 -1.61800632
1883.597 -1.57759496
1883.947 0.231841675
1884.297 -0.276821826
1884.668 -1.47051751
1885.068 0.163657716
1885.426 1.49359632
1885.726 0.687944632
1886.089 0.271974006
1886.539 -0.198405536
1886.989 0.703939129
1887.439 0.294583041
1887.847 -1.19780206
1888.197 -2.44290546
1888.589 -2.71124324
1889.039 -2.60097298
1889.447 -1.50893949
1889.797 -0.737989234
1890.168 -1.35748411
1890.568 -1.71208908
1890.968 -0.346992942
1891.368 -0.567011464
1891.768 0.881761477
1892.168 -0.355488344
1892.547 -0.34906943
1892.897 -0.133715426
1893.247 0.84819204
1893.597 0.0731307021
1893.989 0.715918362
1894.439 0.579798572
1894.889 0.889208608
1895.339 -0.337391091
1895.768 -1.0551988
1896.168 -0.873910742
1896.547 0.0863065371
1896.897 -0.588558075
1897.289 0.824393131
1897.739 -0.329415186
1898.126 -0.0425778667
1898.426 -0.039215029
1898.747 1.95990984
1899.097 1.09906063
1899.405 0.637167435
1899.655 0.0162495929
1899.968 0.710384546
1900.368 1.56361773
1900.726 0.60920428
1901.026 0.0925052718
1901.347 1.30704868
1901.697 1.84038064
1902.026 1.0481054
1902.326 0.895762158
1902.647 0.84992758
1902.997 0.257812035
1903.347 1.09182137
1903.697 1.35832372
1904.026 1.14637045
1904.326 0.517291413
1904.584 2.72124407
1904.784 1.18932056
1904.963 1.17191833
1905.113 -0.10279029
1905.263 -0.2638542
1905.413 -0.383705233
1905.563 -0.737492472
1905.713 -0.0928740109
1905.863 0.628876828
1906.013 0.425890959
1906.163 0.070435042
1906.313 0.657097325
1906.463 1.12955817
1906.613 -0.00459332889
1906.763 0.101861453
1906.913 0.0776519699
1907.063 -0.0433317227
1907.213 0.776667208
1907.384 0.0330699794
1907.584 0.212163518
1907.805 -0.37980037
1908.055 0.845484841
1908.326 -0.311328711
1908.626 -1.54337566
1908.926 -1.18306014
1909.226 -1.54346459
1909.526 -0.961397183
1909.826 -0.0191268712
1910.126 -0.839196142
1910.426 -0.772500361
1910.747 -0.699513696
1911.097 -0.103712594
1911.447 -0.391101173
1911.797 -0.632737483
1912.126 -0.519314486
1912.426 -0.466507345
1912.726 -1.03411047
1913.026 -0.523884908
1913.347 -1.05181271
1913.697 -0.653845355
1914.215 -1.31145914
1914.965 -1.12711394
1915.736 -1.5971674
1916.536 -0.217493092
1917.336 -0.164127811
1918.136 0.967651164
1918.957 0.157240541
1919.807 0.910875561
1920.636 0.125460015
1921.436 1.44365578
1922.236 1.7557648
1923.036 0.898854278
1923.836 0.698200267
1924.636 -0.432430791
1925.415 0.0146398871
1926.165 0.556803709
1926.957 0.917123507
1927.807 1.26541795
1928.636 0.2146339
1929.436 -0.536082755
1930.278 -0.610661106
1931.178 -0.15769574
1932.078 0.276649245
1932.978 -1.50065978
1933.857 -0.863692624
1934.707 0.178317725
1935.578 -0.534124718
1936.478 0.78424405
1937.378 0.217792297
1938.278 0.466315384
1939.178 0.193054354
1940.078 -0.0616113512
1940.999 0.353452483
1941.949 -0.45628055
1942.878 -0.702685204
1943.778 -1.24264966
1944.678 -1.72349693
1945.578 -2.48332844
1946.478 -2.72356421
1947.378 -3.08921395
1948.215 -3.74503367
1948.965 -2.7611685
1949.694 -0.316703202
1950.394 0.0916801609
1951.094 0.641115114
1951.794 0.6898471
1952.515 0.303614906
1953.265 -0.385709541
1953.994 0.57964697
1954.694 0.457304977
1955.394 0.661434155
1956.094 0.914306867
1956.815 1.26210772
1957.565 1.24044625
1958.315 0.536750595
1959.065 1.30219858
1959.794 1.15943516
1960.494 0.992117131
1961.215 -0.0290507068
1961.965 -0.0484611343
1962.652 -0.680319607
1963.252 -0.84682239
1963.873 0.106586886
1964.523 0.344403878
1965.173 0.899899085
1965.823 -0.157913172
1966.473 -0.662491923
1967.123 -1.41362506
1967.752 -0.519109408
1968.352 0.316893462
1968.973 1.44559357
1969.623 0.174959655
1970.273 0.279377633
1970.923 -1.08781307
1971.573 -0.372503294
1972.223 0.750375043
1972.852 0.22215787
1973.452 0.564667195
1974.073 1.53880879
1974.723 0.644931985
1975.226 -0.493093237
1975.526 -2.270901
1975.805 -2.63956212
1976.055 -1.48457041
1976.326 -0.462001371
1976.626 -0.655879749
1976.905 -2.02873332
1977.155 -0.66254664
1977.426 -0.502827077
1977.726 0.0735048142
1978.005 0.290102323
1978.255 0.373543999
1978.526 0.11611351
1978.826 0.0737348725
1979.105 0.529548652
1979.355 0.412635974
1979.626 1.04872163
1979.926 0.405029331
1980.205 1.01870381
1980.455 2.17329481
1980.705 -0.115933508
1980.955 0.233833491
1981.226 -0.14249582
1981.526 -0.874442226
1981.805 -1.24373077
1982.055 0.494451075
1982.305 0.138516638
1982.555 -0.0584687851
1982.826 1.00220459
1983.126 1.14429021
1983.405 -0.0379322119
1983.655 -2.88532632
1983.905 -1.742209
1984.155 -1.02939459
1984.426 0.049133599
1984.726 -1.39964119
1985.005 -3.93714828
1985.255 -3.40105477
1985.526 -3.06636238
1985.826 -0.690320604
1986.147 -0.820158052
1986.497 0.614541643
1986.868 -0.0922581343
1987.268 -0.291094826
1987.647 0.413889116
1987.997 0.413175555
1988.368 0.557633932
1988.768 1.00606836
1989.147 0.533162404
1989.497 0.229882366
1989.868 -1.55673338
1990.268 -2.21614061
1990.668 -1.15652932
1991.068 0.430970782
1991.447 0.662816163
1991.797 -0.37949347
1992.168 -0.218136361
1992.568 0.499033132
1992.968 0.818457714
1993.368 0.662032426
1993.705 0.28917485
1993.955 0.956964251
1994.226 0.453557466
1994.526 1.15213779
1994.805 2.30343483
1995.055 1.16206399
1995.305 0.626854822
1995.555 0.572269643
1995.826 0.844117455
1996.126 -0.142453516
1996.405 -0.211945743
1996.655 0.938627965
1996.905 2.62354764
1997.155 1.56428398
1997.426 -0.47480556
1997.726 -1.47421177
1998.005 0.151215674
1998.255 0.253253444
1998.505 0.00126576191
1998.755 0.215429085
1999.068 0.372177136
1999.468 -0.378686399
1999.868 0.839535604
2000.268 -0.470274607
2000.668 -2.07553997
2001.068 -1.31214521
2001.468 0.88332676
2001.868 0.27256418
2002.268 -0.255160982
2002.668 -0.28906519
2003.068 -1.03572571
2003.468 -0.239664667
2003.868 -0.575959592
2004.268 -0.708193672
2004.668 -0.846199531
2005.068 -0.157173785
2005.468 -1.09462651
2005.868 -0.440423033
2006.268 0.494977621
2006.668 -0.108257823
2007.089 0.163360869
2007.539 -0.664923839
2007.968 -0.169205348
2008.368 -1.02119216
2008.789 -0.44495343
2009.239 -0.756240762
2009.668 -0.396168014
2010.068 -0.565962807
2010.489 -0.361669658
2010.939 0.234919998
2011.368 1.23816301
2011.768 0.959172008
2012.189 1.43363319
2012.639 1.56271715
2013.068 0.803352556
2013.468 1.04280591
2013.889 0.776158843
2014.339 0.554421726
2014.768 1.29469576
2015.168 1.13299394
2015.484 0.70839244
2015.684 -0.360025359
2015.884 0.11327816
2016.084 0.389104487
2016.284 0.225622737
2016.484 -0.300459131
2016.684 -0.827491524
2016.884 0.441970936
2017.084 -0.535078391
2017.284 -0.188372289
2017.484 0.0749781896
2017.684 0.592441417
2017.884 -0.521175675
2018.084 0.58428699
2018.284 0.0153886813
2018.484 -2.45186646
2018.684 -1.90401619
2018.884 -0.670853169
2019.084 0.129366102
2019.284 0.764917434
2019.484 0.638123504
2019.684 0.476282452
2019.863 -0.99598105
2020.013 -0.167824156
2020.184 -0.559164025
2020.384 -1.45117707
2020.563 -0.330552862
2020.713 0.153819794
2020.884 -0.700648701
2021.084 -0.206381015
2021.284 0.206974126
2021.484 0.953530643
2021.663 1.01635087
2021.813 1.07974198
